%eval_id interface             x1             x2       obj_fn_1       obj_fn_2 
1            NO_ID   -9.141344223   -8.081744107      83.564174     101.641564 
2            NO_ID   -8.845712626   -6.246134609      78.246632      67.998736 
3            NO_ID   -8.626849735    7.686005271      74.422536      32.330656 
4            NO_ID   -8.560129348    4.888564486      73.275814       8.343805 
5            NO_ID   -7.760756816    4.360611427      60.229346       5.572486 
6            NO_ID   -7.459077154   -3.628390084      55.637832      31.678775 
7            NO_ID   -7.257847198   -8.261667722      52.676346     105.301824 
8            NO_ID   -7.248224056     6.40906954      52.536752      19.439894 
9            NO_ID   -6.590659756   -4.350906906      43.436796      40.334019 
10           NO_ID   -6.453413878   -6.495072374      41.646551      72.166255 
11           NO_ID   -6.211806934    8.064297139      38.586545        36.7757 
12           NO_ID   -5.742629401    8.566941376      32.977792      43.124719 
13           NO_ID   -4.079031802     9.55434748        16.6385      57.068166 
14           NO_ID   -3.152562433   0.2733861796        9.93865       2.981195 
15           NO_ID   -2.998463108    1.130814353       8.990781       0.755484 
16           NO_ID     -2.7750478     8.44671159        7.70089       41.56009 
17           NO_ID   -2.702692101   -2.139807321       7.304545      17.138005 
18           NO_ID   -2.460116107   -3.652473573       6.052171      31.950457 
19           NO_ID   -1.965857005   -5.163201995       3.864594      51.311463 
20           NO_ID   -1.611338449   -4.441024379       2.596412      41.486795 
21           NO_ID   -1.542327354   -5.882727139       2.378774      62.137387 
22           NO_ID  -0.2286841302    7.613778625       0.052296       31.51451 
23           NO_ID  -0.1189505356   -9.575890843       0.014149     134.001249 
24           NO_ID  0.04988367206   -4.184873371       0.002488      38.252659 
25           NO_ID    1.341989176   -4.658518515       1.800935      44.335869 
26           NO_ID    1.365120304   -7.179613885       1.863553      84.265311 
27           NO_ID    1.464219723   -1.443669289       2.143939      11.858858 
28           NO_ID    2.752152566   -2.770502443       7.574344      22.757694 
29           NO_ID    3.049070245   0.8438940304       9.296829       1.336581 
30           NO_ID     3.09589869    3.459223916       9.584589       2.129334 
31           NO_ID    3.666916738     7.31188625      13.446278      28.216136 
32           NO_ID    3.782489418    2.468766632      14.307226       0.219742 
33           NO_ID    3.783377779   -4.473137452      14.313947      41.901508 
34           NO_ID    3.806926531   -7.412654002       14.49269      88.598055 
35           NO_ID    3.897812205   -8.450144044       15.19294     109.205511 
36           NO_ID    4.394939111  -0.3626766942       19.31549       5.582241 
37           NO_ID      5.2744114   -6.606469441      27.819416      74.071316 
38           NO_ID     5.46043203   -6.166738559      29.816318      66.695619 
39           NO_ID    5.996954467    5.916452248      35.963463      15.338598 
40           NO_ID     6.86623372    9.762189407      47.145165      60.251584 
41           NO_ID    7.010413453    9.587884936      49.145897      57.575998 
42           NO_ID    7.191420457    -1.02137418      51.716528       9.128702 
43           NO_ID    7.292485357   -7.193791111      53.180343      84.525795 
44           NO_ID    7.357453991    1.343159169      54.132129        0.43144 
45           NO_ID    7.613505524   -9.411045871      57.965466     130.211968 
46           NO_ID    8.114476818   -7.878151032      65.844734      97.577868 
47           NO_ID    9.050218537  -0.2466871544      81.906456       5.047603 
48           NO_ID    9.197409441   -9.370073024       84.59234     129.278561 
49           NO_ID    9.614153094    -7.47256236       92.43194      89.729438 
50           NO_ID    9.965672325    7.210114271      99.314625      27.145291 
51           NO_ID   -9.306628285   -4.350906906       86.61333      40.334019 
52           NO_ID   -8.626849735   -8.450144044      74.422536     109.205511 
53           NO_ID   -1.965857005    1.343159169       3.864594        0.43144 
54           NO_ID   -1.611338449   -6.166738559       2.596412      66.695619 
55           NO_ID    1.341989176     1.98689492       1.800935       0.000172 
56           NO_ID    1.365120304    1.343159169       1.863553        0.43144 
57           NO_ID    1.464219723    8.064297139       2.143939        36.7757 
58           NO_ID    3.049070245   -8.450144044       9.296829     109.205511 
59           NO_ID    3.666916738   -6.606469441      13.446278      74.071316 
60           NO_ID    3.783377779    3.459223916      14.313947       2.129334 
61           NO_ID    3.806926531   -4.184873371       14.49269      38.252659 
62           NO_ID    3.897812205    4.888564486       15.19294       8.343805 
63           NO_ID      5.2744114     7.31188625      27.819416      28.216136 
64           NO_ID      5.2744114    7.613778625      27.819416       31.51451 
65           NO_ID     5.46043203   -5.414500504      29.816318      54.974818 
66           NO_ID     5.46043203    1.130814353      29.816318       0.755484 
67           NO_ID    6.167661192  -0.3626766942      38.040045       5.582241 
68           NO_ID     6.86623372   -1.647571768      47.145165       13.30478 
69           NO_ID    7.357453991   -7.179613885      54.132129      84.265311 
70           NO_ID    7.357453991    7.613778625      54.132129       31.51451 
71           NO_ID   -9.495673859    3.459223916      90.167822       2.129334 
72           NO_ID   -7.760756816    3.459223916      60.229346       2.129334 
73           NO_ID   -7.248224056    1.130814353      52.536752       0.755484 
74           NO_ID   -3.152562433  -0.3626766942        9.93865       5.582241 
75           NO_ID     -2.7750478   -4.184873371        7.70089      38.252659 
76           NO_ID   -2.702692101   -5.882727139       7.304545      62.137387 
77           NO_ID   -2.702692101   -2.770502443       7.304545      22.757694 
78           NO_ID   -1.542327354   -2.139807321       2.378774      17.138005 
79           NO_ID  -0.1189505356   -8.450144044       0.014149     109.205511 
80           NO_ID    1.341989176    1.130814353       1.800935       0.755484 
81           NO_ID    2.472134732    1.343159169        6.11145        0.43144 
82           NO_ID    3.049070245    3.459223916       9.296829       2.129334 
83           NO_ID     5.46043203    2.468766632      29.816318       0.219742 
84           NO_ID    7.357453991    1.623202707      54.132129       0.141976 
85           NO_ID    7.619078745     7.31188625      58.050361      28.216136 
86           NO_ID   -7.248224056    2.468766632      52.536752       0.219742 
87           NO_ID   -3.152562433    1.130814353        9.93865       0.755484 
88           NO_ID   -3.152562433    4.888564486        9.93865       8.343805 
89           NO_ID   -2.702692101   -6.166738559       7.304545      66.695619 
90           NO_ID   -2.702692101    2.468766632       7.304545       0.219742 
91           NO_ID   -1.611338449    4.863028822       2.596412       8.196934 
92           NO_ID  -0.1189505356   -6.804652958       0.014149      77.521914 
93           NO_ID  -0.1189505356     1.98689492       0.014149       0.000172 
94           NO_ID  -0.1189505356    3.459223916       0.014149       2.129334 
95           NO_ID    1.341989176   -4.147962664       1.800935      37.797445 
96           NO_ID    1.341989176  -0.3626766942       1.800935       5.582241 
97           NO_ID    2.472134732   -2.770502443        6.11145      22.757694 
98           NO_ID    3.049070245    8.408233048       9.296829      41.065451 
99           NO_ID   -2.998463108    2.468766632       8.990781       0.219742 
100          NO_ID   -1.542327354    2.468766632       2.378774       0.219742 
101          NO_ID   -1.041404331   -7.179613885       1.084523      84.265311 
102          NO_ID  -0.1189505356   -4.184873371       0.014149      38.252659 
103          NO_ID  -0.1189505356    1.130814353       0.014149       0.755484 
104          NO_ID   0.4046478637    2.468766632        0.16374       0.219742 
105          NO_ID    1.341989176   -5.372434713       1.800935      54.352794 
106          NO_ID    1.341989176    3.459223916       1.800935       2.129334 
107          NO_ID    3.049070245   -6.804652958       9.296829      77.521914 
108          NO_ID     5.46043203   -2.139807321      29.816318      17.138005 
109          NO_ID    7.357453991   -8.450144044      54.132129     109.205511 
110          NO_ID   -7.248224056   -1.443669289      52.536752      11.858858 
111          NO_ID  -0.1189505356    2.468766632       0.014149       0.219742 
112          NO_ID  -0.1189505356    9.238824891       0.014149      52.400586 
113          NO_ID    1.341989176    2.468766632       1.800935       0.219742 
114          NO_ID    1.365120304    2.468766632       1.863553       0.219742 
115          NO_ID    1.464219723    2.468766632       2.143939       0.219742 
116          NO_ID    2.472134732     1.98689492        6.11145       0.000172 
117          NO_ID    4.955195484    2.468766632      24.553962       0.219742 
118          NO_ID   -2.702692101    7.613778625       7.304545       31.51451 
119          NO_ID   -1.041404331    2.468766632       1.084523       0.219742 
120          NO_ID  -0.2286841302    2.468766632       0.052296       0.219742 
121          NO_ID    1.341989176   -8.450144044       1.800935     109.205511 
122          NO_ID    1.341989176   -6.804652958       1.800935      77.521914 
123          NO_ID    1.341989176   -4.057067425       1.800935      36.688066 
124          NO_ID    1.464219723   -7.179613885       2.143939      84.265311 
125          NO_ID    1.464219723     1.98689492       2.143939       0.000172 
126          NO_ID    2.472134732    2.468766632        6.11145       0.219742 
127          NO_ID    3.221881554    2.468766632      10.380521       0.219742 
128          NO_ID    7.357453991    2.468766632      54.132129       0.219742 
129          NO_ID    7.357453991    4.505825832      54.132129       6.279163 
130          NO_ID  -0.2286841302    1.130814353       0.052296       0.755484 
131          NO_ID  -0.1189505356    7.613778625       0.014149       31.51451 
132          NO_ID   0.4046478637   -8.659919751        0.16374     113.633889 
133          NO_ID    1.365120304     1.98689492       1.863553       0.000172 
134          NO_ID    1.464219723    1.343159169       2.143939        0.43144 
135          NO_ID    2.234499842     1.98689492        4.99299       0.000172 
136          NO_ID  -0.2286841302   -4.184873371       0.052296      38.252659 
137          NO_ID  -0.1189505356   -6.174184688       0.014149      66.817295 
138          NO_ID    1.341989176   -8.944823294       1.800935     119.789157 
139          NO_ID    1.365120304    3.459223916       1.863553       2.129334 
140          NO_ID    2.472134732    7.613778625        6.11145       31.51451 
141          NO_ID   -5.400601251   -4.184873371      29.166494      38.252659 
142          NO_ID  -0.1189505356    1.623202707       0.014149       0.141976 
143          NO_ID    1.334724608    2.468766632        1.78149       0.219742 
144          NO_ID    2.234499842    2.468766632        4.99299       0.219742 
145          NO_ID   -2.372306321     1.98689492       5.627837       0.000172 
146          NO_ID  -0.2286841302    4.737492434       0.052296       7.493865 
147          NO_ID   0.4046478637    7.613778625        0.16374       31.51451 
148          NO_ID    1.334724608   -4.184873371        1.78149      38.252659 
149          NO_ID   -4.139903353   -4.184873371        17.1388      38.252659 
150          NO_ID   -1.041404331     1.98689492       1.084523       0.000172 
151          NO_ID   0.4046478637     1.98689492        0.16374       0.000172 
152          NO_ID  -0.2286841302    2.308532275       0.052296       0.095192 
153          NO_ID  -0.1189505356    5.007179182       0.014149       9.043127 
154          NO_ID   0.4046478637    1.130814353        0.16374       0.755484 
155          NO_ID  -0.1189505356   -9.353706697       0.014149     128.906656 
156          NO_ID   0.4046478637    6.280527318        0.16374      18.322914 
157          NO_ID  -0.1189505356   -3.821653749       0.014149      33.891652 
158          NO_ID    1.341989176    7.613778625       1.800935       31.51451 
159          NO_ID    2.868409507     1.98689492       8.227773       0.000172 
160          NO_ID   -6.154527159     1.98689492      37.878205       0.000172 
161          NO_ID  -0.1189505356   -5.707881924       0.014149      59.411444 
162          NO_ID  -0.2286841302    5.007179182       0.052296       9.043127 
163          NO_ID    1.341989176   -4.184873371       1.800935      38.252659 
164          NO_ID    3.731702321    5.007179182      13.925602       9.043127 
165          NO_ID    6.213726698    2.468766632      38.610399       0.219742 
166          NO_ID  -0.2286841302     1.98689492       0.052296       0.000172 
167          NO_ID  -0.1189505356  -0.9048085524       0.014149       8.437913 
168          NO_ID    1.365120304   -4.184873371       1.863553      38.252659 
169          NO_ID    4.424661889   -4.184873371      19.577633      38.252659 
170          NO_ID  -0.1189505356   -7.677144705       0.014149       93.64713 
171          NO_ID   0.4046478637    1.623202707        0.16374       0.141976 
172          NO_ID    1.341989176    -3.52041179       1.800935      30.474946 
173          NO_ID   -1.041404331    2.308532275       1.084523       0.095192 
174          NO_ID  -0.1189505356    2.308532275       0.014149       0.095192 
175          NO_ID     1.36736184    2.468766632       1.869678       0.219742 
176          NO_ID   -1.041404331    3.459223916       1.084523       2.129334 
177          NO_ID  -0.2286841302  -0.4440793071       0.052296       5.973524 
178          NO_ID  -0.2286841302  -0.3674688611       0.052296       5.604909 
179          NO_ID  0.04988367206     1.98689492       0.002488       0.000172 
180          NO_ID   0.4046478637   -4.184873371        0.16374      38.252659 
181          NO_ID    1.464219723    2.308532275       2.143939       0.095192 
182          NO_ID    4.844446767     1.98689492      23.468664       0.000172 
183          NO_ID   0.9105178485     1.98689492       0.829043       0.000172 
184          NO_ID   -4.208661278    2.308532275       17.71283       0.095192 
185          NO_ID  0.04988367206    3.459223916       0.002488       2.129334 
186          NO_ID   -1.115696668     1.98689492       1.244779       0.000172 
187          NO_ID   0.4046478637    8.457217328        0.16374      41.695656 
188          NO_ID   0.9105178485    2.308532275       0.829043       0.095192 
189          NO_ID   -1.041404331    1.623202707       1.084523       0.141976 
190          NO_ID  -0.1189505356    3.994672165       0.014149       3.978717 
191          NO_ID  0.04988367206    2.308532275       0.002488       0.095192 
192          NO_ID  -0.8224833062    2.308532275       0.676479       0.095192 
193          NO_ID    8.619332257     1.98689492      74.292889       0.000172 
194          NO_ID   -7.690132809     1.98689492      59.138143       0.000172 
195          NO_ID  0.04988367206    1.130814353       0.002488       0.755484 
196          NO_ID    7.519764415    3.459223916      56.546857       2.129334 
197          NO_ID   -7.518816813    3.459223916      56.532606       2.129334 
198          NO_ID  -0.2286841302    1.623202707       0.052296       0.141976 
199          NO_ID  0.04988367206    2.468766632       0.002488       0.219742 
200          NO_ID  0.04988367206    5.397161644       0.002488      11.540707 
201          NO_ID   -8.299321355    2.308532275      68.878735       0.095192 
202          NO_ID  -0.1189505356    5.570867106       0.014149      12.751092 
203          NO_ID    -6.50277607     1.98689492      42.286097       0.000172 
204          NO_ID     5.02704798   -4.184873371      25.271211      38.252659 
205          NO_ID  0.04988367206   -9.080302827       0.002488     122.773111 
206          NO_ID   0.9105178485   -4.556087719       0.829043      42.982286 
207          NO_ID   -3.799255227     1.98689492       14.43434       0.000172 
208          NO_ID  -0.1189505356     4.01575064       0.014149       4.063251 
209          NO_ID   -1.041404331    1.130814353       1.084523       0.755484 
210          NO_ID  -0.1189505356    -3.58701091       0.014149      31.214691 
211          NO_ID  0.04988367206   -6.409512561       0.002488      70.719902 
212          NO_ID   0.4046478637     2.17004364        0.16374       0.028915 
213          NO_ID    5.605206664    2.308532275      31.418342       0.095192 
214          NO_ID  -0.1189505356     2.17004364       0.014149       0.028915 
215          NO_ID  0.04988367206    1.623202707       0.002488       0.141976 
216          NO_ID   0.6061590233     1.98689492       0.367429       0.000172 
217          NO_ID   0.9105178485    5.397161644       0.829043      11.540707 
218          NO_ID   -2.431302076     1.98689492        5.91123       0.000172 
219          NO_ID    4.494303276    1.623202707      20.198762       0.141976 
220          NO_ID   -8.723023757    2.468766632      76.091143       0.219742 
221          NO_ID    -8.47571318    5.397161644      71.837714      11.540707 
222          NO_ID  -0.2286841302     2.17004364       0.052296       0.028915 
223          NO_ID  0.04988367206     2.17004364       0.002488       0.028915 
224          NO_ID   0.4046478637    2.308532275        0.16374       0.095192 
225          NO_ID  -0.2286841302    3.459223916       0.052296       2.129334 
226          NO_ID   0.9105178485     2.17004364       0.829043       0.028915 
227          NO_ID    2.037330797     1.98689492       4.150717       0.000172 
228          NO_ID    6.443137022     1.98689492      41.514015       0.000172 
229          NO_ID   -6.002499254    1.623202707      36.029997       0.141976 
230          NO_ID  0.04988367206   -6.567643153       0.002488      73.404509 
231          NO_ID  0.04988367206   -8.047068537       0.002488     100.943586 
232          NO_ID    7.561167124    3.459223916      57.171248       2.129334 
233          NO_ID   -1.041404331     2.17004364       1.084523       0.028915 
234          NO_ID  -0.1189505356   -2.097617347       0.014149      16.790468 
235          NO_ID   0.9105178485   -8.393611153       0.829043     108.027153 
236          NO_ID   0.6061590233    1.130814353       0.367429       0.755484 
237          NO_ID   0.6061590233     2.17004364       0.367429       0.028915 
238          NO_ID    9.023258127     1.98689492      81.419187       0.000172 
239          NO_ID    9.935000809     1.98689492      98.704241       0.000172 
240          NO_ID   -7.072819302     2.17004364      50.024773       0.028915 
241          NO_ID   -5.403681423    1.623202707      29.199773       0.141976 
242          NO_ID  0.04988367206    5.250336796       0.002488      10.564689 
243          NO_ID    7.174689545     2.17004364       51.47617       0.028915 
244          NO_ID  0.04988367206   -5.574054539       0.002488      57.366302 
245          NO_ID  0.04988367206    3.139450808       0.002488       1.298348 
246          NO_ID   -6.150450975     1.98689492      37.828047       0.000172 
247          NO_ID  0.04988367206   -9.677875675       0.002488      136.37278 
248          NO_ID  -0.2286841302   -1.133612344       0.052296       9.819526 
249          NO_ID   0.4046478637   -3.107649886        0.16374      26.088087 
250          NO_ID   -9.495032327    2.308532275      90.155639       0.095192 
251          NO_ID   0.9105178485   -2.791290038       0.829043       22.95646 
252          NO_ID   -8.270583469    2.308532275      68.402551       0.095192 
253          NO_ID  -0.2286841302    3.139450808       0.052296       1.298348 
254          NO_ID  -0.2286841302     9.06250636       0.052296      49.878996 
255          NO_ID  -0.1189505356    3.139450808       0.014149       1.298348 
256          NO_ID  0.04988367206   -9.905908192       0.002488      141.75065 
257          NO_ID     4.22469842     2.17004364      17.848077       0.028915 
258          NO_ID    3.631883205    2.468766632      13.190576       0.219742 
259          NO_ID    2.676611232     1.98689492       7.164248       0.000172 
260          NO_ID    8.649246506    2.308532275      74.809465       0.095192 
261          NO_ID   0.6061590233   -2.576468285       0.367429      20.944062 
262          NO_ID    4.684839293     1.98689492      21.947719       0.000172 
263          NO_ID   -7.423761998    2.308532275      55.112242       0.095192 
264          NO_ID  -0.2286841302     1.47328164       0.052296       0.277432 
265          NO_ID  0.04988367206   0.3290391855       0.002488        2.79211 
266          NO_ID    6.800034808    3.139450808      46.240473       1.298348 
267          NO_ID   -9.467918332    2.308532275      89.641478       0.095192 
268          NO_ID    3.117722996     1.98689492       9.720197       0.000172 
269          NO_ID  -0.1189505356    1.199610145       0.014149       0.640624 
270          NO_ID   0.6061590233    3.139450808       0.367429       1.298348 
271          NO_ID    5.694638824     1.98689492      32.428911       0.000172 
272          NO_ID  -0.1189505356    6.093158189       0.014149      16.753944 
273          NO_ID   0.9105178485   -2.899779395       0.829043      24.007838 
274          NO_ID   -8.217919729    3.139450808      67.534205       1.298348 
275          NO_ID  0.04988367206    1.736733528       0.002488       0.069309 
276          NO_ID  -0.9071214734    2.308532275       0.822869       0.095192 
277          NO_ID  -0.1189505356   0.1083370345       0.014149       3.578389 
278          NO_ID   -9.459720822    1.736733528      89.486318       0.069309 
279          NO_ID   0.6061590233    1.736733528       0.367429       0.069309 
280          NO_ID    3.827263226     1.98689492      14.647944       0.000172 
281          NO_ID  0.04988367206   -9.316955479       0.002488     128.073481 
282          NO_ID  0.04988367206    6.043728067       0.002488      16.351737 
283          NO_ID  0.04988367206   -5.516657641       0.002488      56.500142 
284          NO_ID  0.04988367206   -3.924961572       0.002488       35.10517 
285          NO_ID   0.6061590233    2.308532275       0.367429       0.095192 
286          NO_ID   0.9105178485    2.468766632       0.829043       0.219742 
287          NO_ID  0.04988367206     7.20205753       0.002488      27.061403 
288          NO_ID    9.237643256    2.468766632      85.334053       0.219742 
289          NO_ID  0.04988367206   -5.585712677       0.002488      57.543037 
290          NO_ID  0.04988367206   0.6499499691       0.002488       1.822635 
291          NO_ID  -0.1189505356    9.632688723       0.014149      58.257937 
292          NO_ID  0.04988367206    9.598141564       0.002488      57.731755 
293          NO_ID    -2.61650235     2.17004364       6.846085       0.028915 
294          NO_ID   -1.041404331    1.736733528       1.084523       0.069309 
295          NO_ID    8.721024868    1.623202707      76.056275       0.141976 
296          NO_ID  -0.1189505356   -4.037619044       0.014149      36.452844 
297          NO_ID    5.377139084    2.468766632      28.913625       0.219742 
298          NO_ID   -9.977491889    2.308532275      99.550344       0.095192 
299          NO_ID  -0.2286841302   -4.181482771       0.052296      38.210729 
300          NO_ID  -0.1189505356    1.736733528       0.014149       0.069309 
301          NO_ID  -0.1189505356   -6.051075829       0.014149      64.819822 
302          NO_ID   -6.560278859     1.98689492      43.037259       0.000172 
303          NO_ID    9.744662018    1.736733528      94.958438       0.069309 
304          NO_ID  -0.3726868193    1.623202707       0.138895       0.141976 
305          NO_ID    6.301772379     1.98689492      39.712335       0.000172 
306          NO_ID  -0.2286841302   -8.902928251       0.052296     118.873844 
307          NO_ID    9.415419837     1.98689492      88.650131       0.000172 
308          NO_ID  0.04988367206   -1.084504747       0.002488        9.51417 
309          NO_ID  0.04988367206    3.726061421       0.002488       2.979288 
