%eval_id             x1             x2       cd       cl 
2.000000000000000e+00	1.000000000000000e+00 0.00442431  0.222051		
4.000000000000000e+00	1.000000000000000e+00 0.0082072	  0.416298	
1.000000000000000e+00	1.000000000000000e+00 0.00349218	 0.102528	
3.000000000000000e+00	1.000000000000000e+00 0.00554092	 0.325639	
5.000000000000000e+00	1.000000000000000e+00 0.00849317	 0.554259	
6.000000000000000e+00	1.000000000000000e+00 0.00740278	 0.648077	
7.000000000000000e+00	1.000000000000000e+00 0.00782484	 0.75035	
8.000000000000000e+00	1.000000000000000e+00 0.00906187	 0.84776	
2.000000000000000e+00	2.000000000000000e+00 0.00360688	 0.223832	
1.000000000000000e+00	2.000000000000000e+00 0.00348966	 0.1048	
9.000000000000000e+00	1.000000000000000e+00 0.012067	   0.933829	
3.000000000000000e+00	2.000000000000000e+00 0.00460409	 0.341493	
4.000000000000000e+00	2.000000000000000e+00 0.00505174	 0.449736	
5.000000000000000e+00	2.000000000000000e+00 0.00592407	 0.573058	
7.000000000000000e+00	2.000000000000000e+00 0.00781883	 0.793332	
6.000000000000000e+00	2.000000000000000e+00 0.0075596	  0.679182	
8.000000000000000e+00	2.000000000000000e+00 0.0100954	  0.904279	
9.000000000000000e+00	2.000000000000000e+00 0.0114671	  1.00147	
1.000000000000000e+00	3.000000000000000e+00 0.00336103	 0.121754	
2.000000000000000e+00	3.000000000000000e+00 0.00354561	 0.229615	
3.000000000000000e+00	3.000000000000000e+00 0.00469178	 0.336575	
4.000000000000000e+00	3.000000000000000e+00 0.00449204	 0.478549	
6.000000000000000e+00	3.000000000000000e+00 0.00578891	 0.71919	
5.000000000000000e+00	3.000000000000000e+00 0.00496579	 0.602675	
7.000000000000000e+00	3.000000000000000e+00 0.0067364	  0.833125	
8.000000000000000e+00	3.000000000000000e+00 0.00713546	 0.953309	
9.000000000000000e+00	3.000000000000000e+00 0.00842955	 1.06356	
1.000000000000000e+00	4.000000000000000e+00 0.00351302	 0.124742	
2.000000000000000e+00	4.000000000000000e+00 0.00366119	 0.251755	
3.000000000000000e+00	4.000000000000000e+00 0.00408323	 0.379289	
4.000000000000000e+00	4.000000000000000e+00 0.00427659	 0.521642	
5.000000000000000e+00	4.000000000000000e+00 0.00496591	 0.64649	
6.000000000000000e+00	4.000000000000000e+00 0.00538126	 0.770194	
7.000000000000000e+00	4.000000000000000e+00 0.00576454	 0.891483	
8.000000000000000e+00	4.000000000000000e+00 0.00648857	 1.01344	
9.000000000000000e+00	4.000000000000000e+00 0.00749333	 1.13105	
1.000000000000000e+00	5.000000000000000e+00 0.00350584	 0.142215	
2.000000000000000e+00	5.000000000000000e+00 0.00466241	 0.260947	
3.000000000000000e+00	5.000000000000000e+00 0.0038724	  0.416252	
4.000000000000000e+00	5.000000000000000e+00 0.00427608	 0.560184	
6.000000000000000e+00	5.000000000000000e+00 0.00543931	 0.830732	
5.000000000000000e+00	5.000000000000000e+00 0.00460358	 0.705708	
7.000000000000000e+00	5.000000000000000e+00 0.0061938	  0.951895	
8.000000000000000e+00	5.000000000000000e+00 0.00631754	 1.09628	
1.000000000000000e+00	6.000000000000000e+00 0.00387391	 0.152756	
9.000000000000000e+00	5.000000000000000e+00 0.00686476	 1.24276	
2.000000000000000e+00	6.000000000000000e+00 0.0038129	  0.30969	
3.000000000000000e+00	6.000000000000000e+00 0.00406447	 0.469352	
4.000000000000000e+00	6.000000000000000e+00 0.00447987	 0.630967	
5.000000000000000e+00	6.000000000000000e+00 0.0050793	  0.765791	
6.000000000000000e+00	6.000000000000000e+00 0.00568795	 0.926918	
7.000000000000000e+00	6.000000000000000e+00 0.005977	   1.06881	
8.000000000000000e+00	6.000000000000000e+00 0.00680425	 1.2217	
9.000000000000000e+00	6.000000000000000e+00 0.00787009	 1.33739	
