4.088858796772016e+00	1.818747137868193e+00 0.459101	0.00536087	0.0717686
5.588850819761330e+00	1.664089739259374e+00 0.633367	0.00722564	0.097109
5.932302448066093e+00	2.849390497361026e+00 0.710712	0.00572255	0.13418
1.335333437889504e+00	5.344111977025919e+00 0.183999	0.00361281	0.0442841
7.682108163909105e+00	2.779316334323640e+00 0.894584	0.00715367	0.166114
2.146245993015471e+00	4.802561661695392e+00 0.273064	0.00462443	0.0635355
6.825059586793678e+00	1.239523884206789e+00 0.736417	0.0101911	0.100365
5.263023695472174e+00	4.045016925337267e+00 0.675829	0.00470592	0.146745
7.774453208974773e+00	5.772934402792218e+00 1.15936	0.00658174	0.287801
7.280687908791326e+00	4.633646626693032e+00 0.968376	0.0060162	0.221576
3.491042868053095e+00	5.838895149267695e+00 0.542892	0.00428359	0.134918
7.081756767836286e+00	3.844874318803137e+00 0.896053	0.0057519	0.190685
3.058973269881203e+00	4.523073177190066e+00 0.413578	0.00387532	0.0941638
6.087105277370244e+00	5.160756847709770e+00 0.848012	0.00510095	0.202017
2.589086917652323e+00	2.135062084037374e+00 0.291842	0.0040304	0.0486509
1.103222997907187e+00	3.562763315235620e+00 0.132281	0.00345495	0.0270024
4.587868641329868e+00	4.277750585543807e+00 0.604094	0.00437556	0.134294
3.916829956619456e+00	2.470695192772288e+00 0.465991	0.00529944	0.0832614
6.323586326373548e+00	3.737012129061395e+00 0.796447	0.00560221	0.168159
1.929725634963124e+00	2.389975897218090e+00 0.219928	0.00368261	0.0385541
3.589146696305436e+00	3.083449969013897e+00 0.442736	0.00464001	0.0864349
2.945966256105325e+00	1.073730712790848e+00 0.320288	0.00527765	0.0408335
1.583221687573577e+00	1.416586919695412e+00 0.165483	0.00387636	0.0223404
4.982824046324391e+00	3.206327711980011e+00 0.600111	0.00493871	0.118479
4.831816980685954e+00	5.486205649136662e+00 0.704569	0.00491248	0.171782
