2.000000000000000e+00	1.000000000000000e+00 0.222051	0.00442431	0.0280097
4.000000000000000e+00	1.000000000000000e+00 0.416298	0.0082072	0.0505045
1.000000000000000e+00	1.000000000000000e+00 0.102528	0.00349218	0.0117571
3.000000000000000e+00	1.000000000000000e+00 0.325639	0.00554092	0.0404629
5.000000000000000e+00	1.000000000000000e+00 0.554259	0.00849317	0.0721049
6.000000000000000e+00	1.000000000000000e+00 0.648077	0.00740278	0.0843829
7.000000000000000e+00	1.000000000000000e+00 0.75035	0.00782484	0.0975401
8.000000000000000e+00	1.000000000000000e+00 0.84776	0.00906187	0.109786
1.000000000000000e+00	2.000000000000000e+00 0.1048	0.00348966	0.0161108
2.000000000000000e+00	2.000000000000000e+00 0.223832	0.00360688	0.0363082
9.000000000000000e+00	1.000000000000000e+00 0.933829	0.012067	0.124435
3.000000000000000e+00	2.000000000000000e+00 0.341493	0.00460409	0.0558599
4.000000000000000e+00	2.000000000000000e+00 0.449736	0.00505174	0.0728781
5.000000000000000e+00	2.000000000000000e+00 0.573058	0.00592407	0.0939541
7.000000000000000e+00	2.000000000000000e+00 0.793332	0.00781883	0.129271
6.000000000000000e+00	2.000000000000000e+00 0.679182	0.0075596	0.109969
8.000000000000000e+00	2.000000000000000e+00 0.904279	0.0100954	0.147057
9.000000000000000e+00	2.000000000000000e+00 1.00147	0.011467	0.162353
2.000000000000000e+00	3.000000000000000e+00 0.229615	0.00354561	0.0437508
1.000000000000000e+00	3.000000000000000e+00 0.121754	0.00336103	0.0235344
3.000000000000000e+00	3.000000000000000e+00 0.336575	0.00469178	0.0640444
4.000000000000000e+00	3.000000000000000e+00 0.478549	0.00449204	0.0921416
6.000000000000000e+00	3.000000000000000e+00 0.71919	0.00578891	0.138535
5.000000000000000e+00	3.000000000000000e+00 0.602675	0.00496579	0.11612
7.000000000000000e+00	3.000000000000000e+00 0.833125	0.0067364	0.160325
8.000000000000000e+00	3.000000000000000e+00 0.953309	0.00713546	0.183258
9.000000000000000e+00	3.000000000000000e+00 1.06356	0.00842955	0.203611
1.000000000000000e+00	4.000000000000000e+00 0.124742	0.00351302	0.0269779
2.000000000000000e+00	4.000000000000000e+00 0.251755	0.00366119	0.0544435
3.000000000000000e+00	4.000000000000000e+00 0.379289	0.00408323	0.0819723
4.000000000000000e+00	4.000000000000000e+00 0.521642	0.00427659	0.113409
5.000000000000000e+00	4.000000000000000e+00 0.64649	0.00496591	0.140271
6.000000000000000e+00	4.000000000000000e+00 0.770194	0.00538126	0.166702
7.000000000000000e+00	4.000000000000000e+00 0.891483	0.00576454	0.192801
8.000000000000000e+00	4.000000000000000e+00 1.01344	0.00648857	0.219167
1.000000000000000e+00	5.000000000000000e+00 0.142215	0.00350584	0.0335172
9.000000000000000e+00	4.000000000000000e+00 1.13105	0.00749333	0.244266
2.000000000000000e+00	5.000000000000000e+00 0.260947	0.00466241	0.0616937
3.000000000000000e+00	5.000000000000000e+00 0.416252	0.0038724	0.0980444
4.000000000000000e+00	5.000000000000000e+00 0.560184	0.00427608	0.132102
6.000000000000000e+00	5.000000000000000e+00 0.830732	0.00543931	0.195826
5.000000000000000e+00	5.000000000000000e+00 0.705708	0.00460358	0.166247
8.000000000000000e+00	5.000000000000000e+00 1.09628	0.00631754	0.258057
9.000000000000000e+00	5.000000000000000e+00 1.24276	0.00686477	0.293013
7.000000000000000e+00	5.000000000000000e+00 0.951895	0.0061938	0.22423
1.000000000000000e+00	6.000000000000000e+00 0.152756	0.00387391	0.0382787
2.000000000000000e+00	6.000000000000000e+00 0.30969	0.0038129	0.0776656
4.000000000000000e+00	6.000000000000000e+00 0.630967	0.00447987	0.158383
3.000000000000000e+00	6.000000000000000e+00 0.469352	0.00406447	0.117716
5.000000000000000e+00	6.000000000000000e+00 0.765791	0.0050793	0.192126
6.000000000000000e+00	6.000000000000000e+00 0.926918	0.00568795	0.232702
7.000000000000000e+00	6.000000000000000e+00 1.06881	0.005977	0.268551
8.000000000000000e+00	6.000000000000000e+00 1.2217	0.00680425	0.30703
9.000000000000000e+00	6.000000000000000e+00 1.33739	0.00787009	0.336784
