-1.98811235418	2.06386326955	-0.144231	-0.144231
-1.97989623108	4.3532113537	-0.143226	-0.143226
-1.96309143257	3.54518807565	-0.141183	-0.141183
-1.95003659741	2.31488675778	-0.139605	-0.139605
-1.93429196064	3.41749685929	-0.137714	-0.137714
-1.91790839467	4.31438723314	-0.135759	-0.135759
-1.91289443798	4.78207894265	-0.135164	-0.135164
-1.89296997194	2.8157889898	-0.13281	-0.13281
-1.88235724153	3.42937099581	-0.131565	-0.131565
-1.87880674651	3.41749685929	-0.13115	-0.13115
-1.86975011875	2.92163583772	-0.130093	-0.130093
-1.83612098258	3.38691806299	-0.126206	-0.126206
-1.83105238286	2.01287833602	-0.125626	-0.125626
-1.78556553358	2.51850375092	-0.120472	-0.120472
-1.76223839669	2.33253020576	-0.11787	-0.11787
-1.76105699305	4.12636145164	-0.117739	-0.117739
-1.75690709416	3.72033173252	-0.117279	-0.117279
-1.72554448746	4.58621952943	-0.113833	-0.113833
-1.70900821486	2.58364203506	-0.112036	-0.112036
-1.70900821486	3.46316908554	-0.112036	-0.112036
-1.70790289329	2.02479430382	-0.111916	-0.111916
-1.69019839991	2.86351081629	-0.110008	-0.110008
-1.69019839991	3.86737123126	-0.110008	-0.110008
-1.69019839991	4.36308005003	-0.110008	-0.110008
-1.64087288111	4.99226497998	-0.104777	-0.104777
-1.62931349856	4.3012887632	-0.103568	-0.103568
-1.5658763659	3.90388969002	-0.0970574	-0.0970574
-1.56478670685	4.35394259792	-0.0969475	-0.0969475
-1.54305436674	3.86682730022	-0.0947648	-0.0947648
-1.52383046715	4.26046954154	-0.0928541	-0.0928541
-1.49153274507	3.33804014853	-0.0896858	-0.0896858
-1.46222191651	3.69999377369	-0.0868559	-0.0868559
-1.44682122415	2.4416847273	-0.0853866	-0.0853866
-1.43746531589	3.3222892379	-0.0844998	-0.0844998
-1.43746531589	4.25354315306	-0.0844998	-0.0844998
-1.42681656192	2.10207552095	-0.0834956	-0.0834956
-1.41819775822	2.57098788702	-0.082687	-0.082687
-1.41819775822	3.1113456707	-0.082687	-0.082687
-1.40277650925	3.66003251805	-0.0812497	-0.0812497
-1.40277650925	4.00798197789	-0.0812497	-0.0812497
-1.39995618276	4.42003761903	-0.0809883	-0.0809883
-1.39639619058	2.78475865339	-0.080659	-0.080659
-1.34505707554	3.99605464982	-0.0759757	-0.0759757
-1.2913896494	2.58364203506	-0.0712219	-0.0712219
-1.27401473246	4.12636145164	-0.0697149	-0.0697149
-1.16701853004	2.05591874107	-0.0607604	-0.0607604
-1.14955003613	4.65349256138	-0.0593529	-0.0593529
-1.14394040785	4.65349256138	-0.0589041	-0.0589041
-1.14080474951	2.06386326955	-0.0586541	-0.0586541
-1.09047136739	4.11339609889	-0.0547053	-0.0547053
-1.07962497747	3.24484961957	-0.0538707	-0.0538707
-0.980620842884	4.23169488703	-0.0465259	-0.0465259
-0.927885037348	2.01287833602	-0.0428124	-0.0428124
-0.906336852306	2.69183663171	-0.0413349	-0.0413349
-0.864876829956	3.11738645943	-0.0385571	-0.0385571
-0.844106436634	3.3222892379	-0.0371975	-0.0371975
-0.843498995455	4.11243165616	-0.037158	-0.037158
-0.835753772331	3.51122067427	-0.0366567	-0.0366567
-0.835753772331	4.8072316357	-0.0366567	-0.0366567
-0.81120999754	2.48677262314	-0.0350882	-0.0350882
-0.81120999754	4.18267992986	-0.0350882	-0.0350882
-0.81120999754	4.8958388003	-0.0350882	-0.0350882
-0.799083281215	2.98411349486	-0.0343241	-0.0343241
-0.796495864539	2.33985588017	-0.034162	-0.034162
-0.793852724505	2.45843196961	-0.0339961	-0.0339961
-0.791218664866	2.60533576114	-0.0338325	-0.0338325
-0.768934478876	3.41749685929	-0.0324562	-0.0324562
-0.767366080437	3.7247209259	-0.0323602	-0.0323602
-0.767366080437	3.94608644813	-0.0323602	-0.0323602
-0.767366080437	4.99091651616	-0.0323602	-0.0323602
-0.737660203473	4.80981777274	-0.0305661	-0.0305661
-0.715511173343	4.3532113537	-0.0292569	-0.0292569
-0.709106351579	4.12636145164	-0.0288822	-0.0288822
-0.684330279326	2.08746170769	-0.0274549	-0.0274549
-0.684330279326	4.02644857905	-0.0274549	-0.0274549
-0.684330279326	4.8072316357	-0.0274549	-0.0274549
-0.681504611709	2.10207552095	-0.027294	-0.027294
-0.646045736338	4.68031974075	-0.0253083	-0.0253083
-0.633201603607	3.86682730022	-0.0246044	-0.0246044
-0.593362061583	2.52048006119	-0.0224727	-0.0224727
-0.575452071883	2.06386326955	-0.0215395	-0.0215395
-0.56245991707	2.56104283992	-0.0208734	-0.0208734
-0.558571440428	2.02479430382	-0.0206755	-0.0206755
-0.54715377956	3.94093956144	-0.0200988	-0.0200988
-0.54715377956	4.55953374717	-0.0200988	-0.0200988
-0.542226908515	3.41182173808	-0.0198519	-0.0198519
-0.499101159861	3.97958335512	-0.0177421	-0.0177421
-0.422463845193	3.84177230943	-0.0142195	-0.0142195
-0.366168967153	4.14012245934	-0.0118167	-0.0118167
-0.355702214574	3.86682730022	-0.0113871	-0.0113871
-0.225958316226	2.02479430382	-0.00651176	-0.00651176
-0.225958316226	2.8157889898	-0.00651176	-0.00651176
-0.221005612622	2.98411349486	-0.00634203	-0.00634203
-0.169129690234	4.17435604901	-0.00463733	-0.00463733
-0.162896355224	2.49619922158	-0.00444142	-0.00444142
-0.162896355224	3.11738645943	-0.00444142	-0.00444142
-0.162896355224	3.41182173808	-0.00444142	-0.00444142
-0.162896355224	4.3532113537	-0.00444142	-0.00444142
-0.136241800681	2.04579135126	-0.0036251	-0.0036251
-0.0927987550817	2.02479430382	-0.00236997	-0.00236997
-0.0443885983175	4.46369144668	-0.00108077	-0.00108077
-0.0239070500359	2.02479430382	-0.000570029	-0.000570029
-0.0239070500359	2.57098788702	-0.000570029	-0.000570029
-0.0239070500359	2.8157889898	-0.000570029	-0.000570029
-0.0239070500359	3.2470467441	-0.000570029	-0.000570029
-0.0239070500359	3.97958335512	-0.000570029	-0.000570029
-0.0239070500359	3.99605464982	-0.000570029	-0.000570029
-0.0239070500359	4.64046769572	-0.000570029	-0.000570029
-0.0239070500359	4.8958388003	-0.000570029	-0.000570029
-0.0124903833552	3.11738645943	-0.000294309	-0.000294309
0.011088029021	2.58364203506	0.000254828	0.000254828
0.011088029021	3.46316908554	0.000254828	0.000254828
0.011088029021	4.8958388003	0.000254828	0.000254828
0.0127787729785	2.4416847273	0.000293154	0.000293154
0.0127787729785	2.66139296427	0.000293154	0.000293154
0.0127787729785	3.11738645943	0.000293154	0.000293154
0.0127787729785	3.35971033823	0.000293154	0.000293154
0.0127787729785	3.41182173808	0.000293154	0.000293154
0.0127787729785	3.6376279507	0.000293154	0.000293154
0.0127787729785	3.66003251805	0.000293154	0.000293154
0.0127787729785	3.86682730022	0.000293154	0.000293154
0.0127787729785	3.91982368935	0.000293154	0.000293154
0.0127787729785	3.94093956144	0.000293154	0.000293154
0.0166484788138	2.69569001193	0.000380341	0.000380341
0.0577444355272	2.05503458858	0.00126085	0.00126085
0.0666324473296	3.11738645943	0.00144044	0.00144044
0.0840200349148	2.60533576114	0.00178027	0.00178027
0.0953271920305	3.99605464982	0.00199336	0.00199336
0.156320485359	4.69210288054	0.00303439	0.00303439
0.173863876226	3.41749685929	0.00329977	0.00329977
0.186825437093	2.16447657448	0.00348619	0.00348619
0.186825437093	2.86351081629	0.00348619	0.00348619
0.186825437093	2.95074148381	0.00348619	0.00348619
0.186825437093	3.39884305531	0.00348619	0.00348619
0.195522236729	2.87544440007	0.00360677	0.00360677
0.195522236729	3.2470467441	0.00360677	0.00360677
0.195522236729	3.41749685929	0.00360677	0.00360677
0.195522236729	3.99605464982	0.00360677	0.00360677
0.195522236729	4.64046769572	0.00360677	0.00360677
0.195522236729	4.72674471919	0.00360677	0.00360677
0.201699282602	2.48442228021	0.00368997	0.00368997
0.201699282602	2.69569001193	0.00368997	0.00368997
0.201699282602	3.41749685929	0.00368997	0.00368997
0.201699282602	3.46316908554	0.00368997	0.00368997
0.201699282602	3.99605464982	0.00368997	0.00368997
0.201699282602	4.64046769572	0.00368997	0.00368997
0.201699282602	4.65349256138	0.00368997	0.00368997
0.208723038067	3.41749685929	0.00378268	0.00378268
0.231467756085	2.33253020576	0.00406538	0.00406538
0.239820911661	2.16447657448	0.00416277	0.00416277
0.239820911661	2.66139296427	0.00416277	0.00416277
0.239820911661	2.87544440007	0.00416277	0.00416277
0.239820911661	3.11738645943	0.00416277	0.00416277
0.239820911661	4.65349256138	0.00416277	0.00416277
0.324032114038	2.94744222283	0.00495346	0.00495346
0.342357529487	2.01287833602	0.00507925	0.00507925
0.359949155878	2.21316801394	0.00518479	0.00518479
0.403520449253	3.99605464982	0.00538025	0.00538025
0.410495943581	2.01287833602	0.00540288	0.00540288
0.410495943581	2.13797073771	0.00540288	0.00540288
0.410495943581	2.69569001193	0.00540288	0.00540288
0.410495943581	2.8157889898	0.00540288	0.00540288
0.410495943581	3.05930111094	0.00540288	0.00540288
0.410495943581	3.11659266246	0.00540288	0.00540288
0.410495943581	3.60073356498	0.00540288	0.00540288
0.410495943581	4.65349256138	0.00540288	0.00540288
0.411794086179	2.01287833602	0.00540669	0.00540669
0.411794086179	2.02479430382	0.00540669	0.00540669
0.411794086179	2.11304833885	0.00540669	0.00540669
0.411794086179	2.66139296427	0.00540669	0.00540669
0.411794086179	2.8157889898	0.00540669	0.00540669
0.411794086179	2.95074148381	0.00540669	0.00540669
0.411794086179	3.11659266246	0.00540669	0.00540669
0.411794086179	3.41749685929	0.00540669	0.00540669
0.411794086179	3.66003251805	0.00540669	0.00540669
0.411794086179	3.98692055465	0.00540669	0.00540669
0.411794086179	3.99605464982	0.00540669	0.00540669
0.411794086179	4.3532113537	0.00540669	0.00540669
0.411794086179	4.64046769572	0.00540669	0.00540669
0.411794086179	4.65349256138	0.00540669	0.00540669
0.422363184123	2.01287833602	0.00543584	0.00543584
0.422363184123	2.02479430382	0.00543584	0.00543584
0.422363184123	2.06386326955	0.00543584	0.00543584
0.422363184123	2.8157889898	0.00543584	0.00543584
0.422363184123	2.95074148381	0.00543584	0.00543584
0.422363184123	3.41182173808	0.00543584	0.00543584
0.422363184123	3.66003251805	0.00543584	0.00543584
0.422363184123	3.98692055465	0.00543584	0.00543584
0.422363184123	4.3012887632	0.00543584	0.00543584
0.422363184123	4.3532113537	0.00543584	0.00543584
0.440084911622	4.62262205669	0.00547232	0.00547232
0.485669547452	2.62836180331
0.485669547452	4.04696594693
0.525884044602	2.66139296427	0.00542985	0.00542985
0.525884044602	3.11738645943	0.00542985	0.00542985
0.525884044602	3.41182173808	0.00542985	0.00542985
0.525884044602	4.3012887632	0.00542985	0.00542985
0.525884044602	4.64046769572	0.00542985	0.00542985
0.559567267336	3.41749685929	0.00531429	0.00531429
0.573600750218	2.01287833602	0.00525005	0.00525005
0.573600750218	2.02479430382	0.00525005	0.00525005
0.573600750218	2.06386326955	0.00525005	0.00525005
0.573600750218	2.4416847273	0.00525005	0.00525005
0.573600750218	2.66139296427	0.00525005	0.00525005
0.573600750218	2.69569001193	0.00525005	0.00525005
0.573600750218	2.95074148381	0.00525005	0.00525005
0.573600750218	2.99124074727	0.00525005	0.00525005
0.573600750218	3.28725899583	0.00525005	0.00525005
0.573600750218	3.41182173808	0.00525005	0.00525005
0.573600750218	3.46316908554	0.00525005	0.00525005
0.573600750218	3.60073356498	0.00525005	0.00525005
0.573600750218	3.6376279507	0.00525005	0.00525005
0.573600750218	3.66003251805	0.00525005	0.00525005
0.573600750218	3.69596689227	0.00525005	0.00525005
0.573600750218	3.69999377369	0.00525005	0.00525005
0.573600750218	3.86682730022	0.00525005	0.00525005
0.573600750218	3.99605464982	0.00525005	0.00525005
0.573600750218	4.00798197789	0.00525005	0.00525005
0.573600750218	4.64046769572	0.00525005	0.00525005
0.573600750218	4.65349256138	0.00525005	0.00525005
0.573600750218	4.72674471919	0.00525005	0.00525005
0.578659233441	3.44760353092	0.00522401	0.00522401
0.669241026821	4.65545558494	0.00455158	0.00455158
0.682983124481	2.16447657448	0.00441442	0.00441442
0.710047263051	3.79684592029	0.00411722	0.00411722
0.728260216642	2.01287833602	0.0038965	0.0038965
0.728260216642	2.58364203506	0.0038965	0.0038965
0.728260216642	3.44760353092	0.0038965	0.0038965
0.728260216642	3.6376279507	0.0038965	0.0038965
0.756406687087	2.06386326955	0.00352371	0.00352371
0.756406687087	2.4416847273	0.00352371	0.00352371
0.756406687087	2.8157889898	0.00352371	0.00352371
0.756406687087	3.2470467441	0.00352371	0.00352371
0.756406687087	3.60073356498	0.00352371	0.00352371
0.756406687087	3.69999377369	0.00352371	0.00352371
0.756406687087	4.66457236589	0.00352371	0.00352371
0.802975586524	2.66139296427	0.00282076	0.00282076
0.812112207903	2.69183663171	0.00267095	0.00267095
0.862333540275	4.09308621245	0.0017716	0.0017716
0.895965186365	3.52886841238
0.907192119354	2.78153847567	0.00086275	0.00086275
0.946918584847	2.04520453142	-2.4718e-05	-2.4718e-05
0.955478920115	4.3532113537	-0.000226133	-0.000226133
1.01401687461	2.06386326955	-0.00170076	-0.00170076
1.01401687461	2.16447657448	-0.00170076	-0.00170076
1.01401687461	3.86682730022	-0.00170076	-0.00170076
1.01401687461	3.97958335512	-0.00170076	-0.00170076
1.01401687461	4.84892617811	-0.00170076	-0.00170076
1.01401687461	4.8958388003	-0.00170076	-0.00170076
1.02388293111	2.02479430382	-0.0019653	-0.0019653
1.02388293111	2.06386326955	-0.0019653	-0.0019653
1.02388293111	2.08746170769	-0.0019653	-0.0019653
1.02388293111	3.51122067427	-0.0019653	-0.0019653
1.02388293111	3.66003251805	-0.0019653	-0.0019653
1.02388293111	3.69596689227	-0.0019653	-0.0019653
1.02388293111	3.69999377369	-0.0019653	-0.0019653
1.02388293111	3.86682730022	-0.0019653	-0.0019653
1.02388293111	4.12715792103	-0.0019653	-0.0019653
1.02388293111	4.64046769572	-0.0019653	-0.0019653
1.02388293111	4.65349256138	-0.0019653	-0.0019653
1.02388293111	4.72674471919	-0.0019653	-0.0019653
1.02635169962	3.98462670296	-0.00203237	-0.00203237
1.03325565906	2.06386326955	-0.00222152	-0.00222152
1.03325565906	3.46316908554	-0.00222152	-0.00222152
1.0394664677	4.3012887632	-0.00239371	-0.00239371
1.06523089207	3.63737053687	-0.00312824	-0.00312824
1.07259122984	4.31438723314	-0.00334433	-0.00334433
1.11930166936	2.8157889898	-0.00477602	-0.00477602
1.11930166936	3.14657752968	-0.00477602	-0.00477602
1.14626021923	3.11738645943	-0.00565154	-0.00565154
1.14626021923	3.69596689227	-0.00565154	-0.00565154
1.14626021923	3.86682730022	-0.00565154	-0.00565154
1.14626021923	4.00798197789	-0.00565154	-0.00565154
1.14626021923	4.12715792103	-0.00565154	-0.00565154
1.15045260505	3.66003251805	-0.00579091	-0.00579091
1.15540196055	2.02479430382	-0.00595658	-0.00595658
1.15801034363	2.50666940329	-0.00604436	-0.00604436
1.17912970119	2.08746170769	-0.0067675	-0.0067675
1.17912970119	4.02644857905	-0.0067675	-0.0067675
1.17912970119	4.12715792103	-0.0067675	-0.0067675
1.18171339258	2.11433598358	-0.00685748	-0.00685748
1.18171339258	3.2470467441	-0.00685748	-0.00685748
1.18171339258	3.90388969002	-0.00685748	-0.00685748
1.18171339258	4.99091651616	-0.00685748	-0.00685748
1.19748523561	4.84892617811	-0.0074135	-0.0074135
1.2198623513	4.12636145164	-0.00822398	-0.00822398
1.27993541177	4.00798197789	-0.0105221	-0.0105221
1.27993541177	4.51170037292	-0.0105221	-0.0105221
1.30430059382	3.46316908554	-0.011505	-0.011505
1.30828361367	2.01287833602	-0.0116685	-0.0116685
1.32066376615	3.41749685929	-0.0121816	-0.0121816
1.3342290173	4.80981777274	-0.0127529	-0.0127529
1.34991619845	4.68751875203	-0.0134251	-0.0134251
1.35153298841	2.01287833602	-0.013495	-0.013495
1.40307666846	3.83110318604	-0.0157913	-0.0157913
1.41651829119	3.49073612294	-0.0164122	-0.0164122
1.41651829119	3.83810805289	-0.0164122	-0.0164122
1.41651829119	3.86682730022	-0.0164122	-0.0164122
1.46224506081	3.69999377369	-0.0185904	-0.0185904
1.4651906432	2.01287833602	-0.0187343	-0.0187343
1.47116079809	3.05930111094	-0.0190271	-0.0190271
1.49132553837	2.21316801394	-0.0200294	-0.0200294
1.50636412786	3.79822619064	-0.0207898	-0.0207898
1.52803715669	3.2852232397	-0.0219056	-0.0219056
1.52803715669	3.41749685929	-0.0219056	-0.0219056
1.52803715669	4.3532113537	-0.0219056	-0.0219056
1.54671220926	2.87544440007	-0.0228849	-0.0228849
1.54671220926	3.14657752968	-0.0228849	-0.0228849
1.56793899488	2.98411349486	-0.0240199	-0.0240199
1.5918544529	2.35181975474	-0.0253267	-0.0253267
1.5918544529	3.6415539196	-0.0253267	-0.0253267
1.5986454336	4.19867084091	-0.0257025	-0.0257025
1.5986454336	4.64046769572	-0.0257025	-0.0257025
1.63102713769	2.14407789434	-0.0275256	-0.0275256
1.63102713769	2.86351081629	-0.0275256	-0.0275256
1.63102713769	3.040524642	-0.0275256	-0.0275256
1.63102713769	3.14657752968	-0.0275256	-0.0275256
1.63102713769	4.55953374717	-0.0275256	-0.0275256
1.65985596257	3.12381126505	-0.0291936	-0.0291936
1.68059737314	4.18267992986	-0.0304189	-0.0304189
1.68059737314	4.68751875203	-0.0304189	-0.0304189
1.70168761988	3.51122067427	-0.0316868	-0.0316868
1.70168761988	4.8072316357	-0.0316868	-0.0316868
1.73098121431	2.45843196961	-0.0334844	-0.0334844
1.73291581577	3.28038745154	-0.0336047	-0.0336047
1.73291581577	3.86682730022	-0.0336047	-0.0336047
1.73291581577	4.51752135601	-0.0336047	-0.0336047
1.74372532766	3.99605464982	-0.0342801	-0.0342801
1.77989434115	2.48677262314	-0.0365812	-0.0365812
1.77989434115	4.65349256138	-0.0365812	-0.0365812
1.81343669203	2.94744222283	-0.0387737	-0.0387737
1.82577231332	4.28622164125	-0.0395974	-0.0395974
1.82835985572	2.52048006119	-0.0397687	-0.0397687
1.82835985572	3.58611608184	-0.0397687	-0.0397687
1.83009695161	4.3532113537	-0.039885	-0.039885
1.83824480643	2.14407789434	-0.040434	-0.040434
1.8430044329	4.64046769572	-0.0407556	-0.0407556
1.8430044329	4.65778936383	-0.0407556	-0.0407556
1.8647679048	3.79684592029	-0.0422403	-0.0422403
1.94923114867	4.98695559892	-0.0482252	-0.0482252
1.996035079	3.2470467441	-0.0516972	-0.0516972
1.996035079	3.60073356498	-0.0516972	-0.0516972
1.99694195902	3.60493298369	-0.0517655	-0.0517655
2.02142612218	4.3012887632	-0.053626	-0.053626
2.06924384137	2.57098788702	-0.0573427	-0.0573427
2.06924384137	4.64046769572	-0.0573427	-0.0573427
2.06924384137	4.65778936383	-0.0573427	-0.0573427
2.07102697486	4.12636145164	-0.0574836	-0.0574836
2.08255935371	3.69596689227	-0.0583991	-0.0583991
2.08423626287	2.83689802226	-0.0585328	-0.0585328
2.10110246814	3.86361762083	-0.0598849	-0.0598849
2.10130270715	2.01287833602	-0.059901	-0.059901
2.14969601396	4.78207894265	-0.0638621	-0.0638621
2.16677236053	4.45727063364	-0.0652873	-0.0652873
2.17282288157	2.57510377587	-0.0657958	-0.0657958
2.18251952817	2.64156817488	-0.0666146	-0.0666146
2.22295306075	4.02644857905	-0.0700807	-0.0700807
2.23271947737	4.65349256138	-0.0709305	-0.0709305
2.24459575873	4.99091651616	-0.0719702	-0.0719702
2.27345731495	2.54783442595	-0.0745234	-0.0745234
2.27345731495	3.7598922787	-0.0745234	-0.0745234
2.28730542971	3.69999377369	-0.0757643	-0.0757643
2.35015102352	4.69876841442	-0.0815175	-0.0815175
2.36338052357	3.29895509793	-0.0827551	-0.0827551
2.3755933686	2.78475865339	-0.0839045	-0.0839045
2.40431156168	2.9182722177	-0.0866366	-0.0866366
2.41680466729	4.12089137273	-0.0878384	-0.0878384
2.41814435619	3.14657752968	-0.0879678	-0.0879678
2.41814435619	3.74452206713	-0.0879678	-0.0879678
2.44574185156	3.39884305531	-0.0906525	-0.0906525
2.45322584801	4.65349256138	-0.0913874	-0.0913874
2.48778281197	4.65545558494	-0.0948195	-0.0948195
2.50511739101	4.99226497998	-0.0965628	-0.0965628
2.50511739101	4.99706839304	-0.0965628	-0.0965628
2.51941125073	4.16411399057	-0.0980104	-0.0980104
2.5256629258	2.86351081629	-0.0986493	-0.0986493
2.53868550227	4.40128260776	-0.0999802	-0.0999802
2.55679349813	4.36308005003	-0.101849	-0.101849
2.56272314981	4.16577785144	-0.102465	-0.102465
2.57049506464	3.3375681943	-0.103275	-0.103275
2.59029698725	3.63942653669	-0.10535	-0.10535
2.64748178825	3.58611608184	-0.111457	-0.111457
2.64748178825	4.71553968765	-0.111457	-0.111457
2.67166899222	3.60464828257	-0.114091	-0.114091
2.67730669988	3.04396700442	-0.114709	-0.114709
2.68020278014	2.33862410921	-0.115027	-0.115027
2.68482709941	3.11738645943	-0.115536	-0.115536
2.7092092129	4.66792566919	-0.118238	-0.118238
2.76634000417	2.97868923283	-0.124688	-0.124688
2.78664239393	4.16284769176	-0.12702	-0.12702
2.79390402082	3.29590721163
2.82620659509	4.09567159512	-0.131625	-0.131625
2.83536532141	4.51069061482	-0.132705	-0.132705
2.86193194048	2.64156817488	-0.135856	-0.135856
2.92242406352	2.60533576114	-0.143166	-0.143166