%eval_id interface             x1         banana       obj_fn_1       obj_fn_2 
1            NO_ID   -1.963091433    3.545188076      -0.141183      -0.141183 
2            NO_ID   -1.882357242    3.429370996      -0.131565      -0.131565 
3            NO_ID   -1.869750119    2.921635838      -0.130093      -0.130093 
4            NO_ID   -1.756907094    3.720331733      -0.117279      -0.117279 
5            NO_ID   -1.725544487    4.586219529      -0.113833      -0.113833 
6            NO_ID   -1.709008215    3.463169086      -0.112036      -0.112036 
7            NO_ID     -1.6901984    2.863510816      -0.110008      -0.110008 
8            NO_ID   -1.640872881     4.99226498      -0.104777      -0.104777 
9            NO_ID   -1.565876366     3.90388969     -0.0970574     -0.0970574 
10           NO_ID   -1.523830467    4.260469542     -0.0928541     -0.0928541 
11           NO_ID   -1.491532745    3.338040149     -0.0896858     -0.0896858 
12           NO_ID   -1.462221917    3.699993774     -0.0868559     -0.0868559 
13           NO_ID   -1.437465316    4.253543153     -0.0844998     -0.0844998 
14           NO_ID   -1.418197758    3.111345671      -0.082687      -0.082687 
15           NO_ID   -1.402776509    4.007981978     -0.0812497     -0.0812497 
16           NO_ID   -1.399956183    4.420037619     -0.0809883     -0.0809883 
17           NO_ID   -1.345057076     3.99605465     -0.0759757     -0.0759757 
18           NO_ID    -1.16701853    2.055918741     -0.0607604     -0.0607604 
19           NO_ID   -1.149550036    4.653492561     -0.0593529     -0.0593529 
20           NO_ID   -1.079624977     3.24484962     -0.0538707     -0.0538707 
21           NO_ID  -0.9806208429    4.231694887     -0.0465259     -0.0465259 
22           NO_ID  -0.8441064366    3.322289238     -0.0371975     -0.0371975 
23           NO_ID  -0.8434989955    4.112431656      -0.037158      -0.037158 
24           NO_ID  -0.8357537723    4.807231636     -0.0366567     -0.0366567 
25           NO_ID  -0.8112099975      4.8958388     -0.0350882     -0.0350882 
26           NO_ID  -0.7673660804    3.946086448     -0.0323602     -0.0323602 
27           NO_ID  -0.6843302793    4.026448579     -0.0274549     -0.0274549 
28           NO_ID  -0.5933620616    2.520480061     -0.0224727     -0.0224727 
29           NO_ID  -0.5471537796    4.559533747     -0.0200988     -0.0200988 
30           NO_ID  -0.4991011599    3.979583355     -0.0177421     -0.0177421 
31           NO_ID  -0.2259583162    2.024794304    -0.00651176    -0.00651176 
32           NO_ID  -0.1691296902    4.174356049    -0.00463733    -0.00463733 
33           NO_ID  -0.1628963552    3.411821738    -0.00444142    -0.00444142 
34           NO_ID  -0.1362418007    2.045791351     -0.0036251     -0.0036251 
35           NO_ID -0.04438859832    4.463691447    -0.00108077    -0.00108077 
36           NO_ID -0.02390705004    2.570987887   -0.000570029   -0.000570029 
37           NO_ID  0.01108802902    2.583642035    0.000254828    0.000254828 
38           NO_ID  0.01277877298    3.919823689    0.000293154    0.000293154 
39           NO_ID  0.01664847881    2.695690012    0.000380341    0.000380341 
40           NO_ID   0.1868254371    2.164476574     0.00348619     0.00348619 
41           NO_ID   0.1955222367    4.726744719     0.00360677     0.00360677 
42           NO_ID   0.2398209117      2.8754444     0.00416277     0.00416277 
43           NO_ID   0.4104959436     2.81578899     0.00540288     0.00540288 
44           NO_ID   0.4117940862    4.353211354     0.00540669     0.00540669 
45           NO_ID   0.5258840446    3.117386459     0.00542985     0.00542985 
46           NO_ID   0.5736007502    3.660032518     0.00525005     0.00525005 
47           NO_ID   0.5786592334    3.447603531     0.00522401     0.00522401 
48           NO_ID   0.7282602166    2.012878336      0.0038965      0.0038965 
49           NO_ID   0.7564066871    3.247046744     0.00352371     0.00352371 
50           NO_ID   0.8029755865    2.661392964     0.00282076     0.00282076 
51           NO_ID   0.8623335403    4.093086212      0.0017716      0.0017716 
52           NO_ID    1.014016875      3.8668273    -0.00170076    -0.00170076 
53           NO_ID    1.023882931    4.127157921     -0.0019653     -0.0019653 
54           NO_ID      1.0263517    3.984626703    -0.00203237    -0.00203237 
55           NO_ID    1.033255659     2.06386327    -0.00222152    -0.00222152 
56           NO_ID    1.065230892    3.637370537    -0.00312824    -0.00312824 
57           NO_ID    1.158010344    2.506669403    -0.00604436    -0.00604436 
58           NO_ID    1.179129701    2.087461708     -0.0067675     -0.0067675 
59           NO_ID    1.181713393    2.114335984    -0.00685748    -0.00685748 
60           NO_ID    1.197485236    4.848926178     -0.0074135     -0.0074135 
61           NO_ID    1.279935412    4.511700373     -0.0105221     -0.0105221 
62           NO_ID    1.349916198    4.687518752     -0.0134251     -0.0134251 
63           NO_ID    1.403076668    3.831103186     -0.0157913     -0.0157913 
64           NO_ID    1.416518291    3.490736123     -0.0164122     -0.0164122 
65           NO_ID    1.528037157    3.417496859     -0.0219056     -0.0219056 
66           NO_ID    1.546712209     3.14657753     -0.0228849     -0.0228849 
67           NO_ID    1.591854453     3.64155392     -0.0253267     -0.0253267 
68           NO_ID    1.598645434    4.198670841     -0.0257025     -0.0257025 
69           NO_ID    1.631027138    3.040524642     -0.0275256     -0.0275256 
70           NO_ID    1.680597373     4.18267993     -0.0304189     -0.0304189 
71           NO_ID     1.70168762    3.511220674     -0.0316868     -0.0316868 
72           NO_ID    1.732915816    4.517521356     -0.0336047     -0.0336047 
73           NO_ID    1.779894341    2.486772623     -0.0365812     -0.0365812 
74           NO_ID    1.828359856    3.586116082     -0.0397687     -0.0397687 
75           NO_ID    1.838244806    2.144077894      -0.040434      -0.040434 
76           NO_ID    1.843004433    4.657789364     -0.0407556     -0.0407556 
77           NO_ID    1.996035079    3.600733565     -0.0516972     -0.0516972 
78           NO_ID    2.069243841    4.640467696     -0.0573427     -0.0573427 
79           NO_ID    2.082559354    3.695966892     -0.0583991     -0.0583991 
80           NO_ID    2.084236263    2.836898022     -0.0585328     -0.0585328 
81           NO_ID    2.166772361    4.457270634     -0.0652873     -0.0652873 
82           NO_ID    2.172822882    2.575103776     -0.0657958     -0.0657958 
83           NO_ID    2.244595759    4.990916516     -0.0719702     -0.0719702 
84           NO_ID    2.273457315    3.759892279     -0.0745234     -0.0745234 
85           NO_ID    2.350151024    4.698768414     -0.0815175     -0.0815175 
86           NO_ID    2.416804667    4.120891373     -0.0878384     -0.0878384 
87           NO_ID    2.418144356    3.744522067     -0.0879678     -0.0879678 
88           NO_ID    2.505117391    4.997068393     -0.0965628     -0.0965628 
89           NO_ID    2.519411251    4.164113991     -0.0980104     -0.0980104 
90           NO_ID    2.538685502    4.401282608     -0.0999802     -0.0999802 
91           NO_ID    2.556793498     4.36308005      -0.101849      -0.101849 
92           NO_ID    2.647481788    4.715539688      -0.111457      -0.111457 
93           NO_ID    2.671668992    3.604648283      -0.114091      -0.114091 
94           NO_ID      2.6773067    3.043967004      -0.114709      -0.114709 
95           NO_ID     2.68020278    2.338624109      -0.115027      -0.115027 
96           NO_ID    2.709209213    4.667925669      -0.118238      -0.118238 
97           NO_ID    2.766340004    2.978689233      -0.124688      -0.124688 
98           NO_ID    2.786642394    4.162847692       -0.12702       -0.12702 
99           NO_ID    2.826206595    4.095671595      -0.131625      -0.131625 
100          NO_ID    2.835365321    4.510690615      -0.132705      -0.132705 
101          NO_ID   -1.709008215    2.583642035      -0.112036      -0.112036 
102          NO_ID     -1.6901984    3.867371231      -0.110008      -0.110008 
103          NO_ID     -1.6901984     4.36308005      -0.110008      -0.110008 
104          NO_ID   -1.437465316    3.322289238     -0.0844998     -0.0844998 
105          NO_ID   -1.418197758    2.570987887      -0.082687      -0.082687 
106          NO_ID   -1.402776509    3.660032518     -0.0812497     -0.0812497 
107          NO_ID  -0.8112099975    2.486772623     -0.0350882     -0.0350882 
108          NO_ID  -0.7673660804    4.990916516     -0.0323602     -0.0323602 
109          NO_ID  -0.6843302793    4.807231636     -0.0274549     -0.0274549 
110          NO_ID  -0.5471537796    3.940939561     -0.0200988     -0.0200988 
111          NO_ID -0.02390705004    4.640467696   -0.000570029   -0.000570029 
112          NO_ID  0.01108802902    3.463169086    0.000254828    0.000254828 
113          NO_ID  0.01277877298    2.441684727    0.000293154    0.000293154 
114          NO_ID   0.1738638762    3.417496859     0.00329977     0.00329977 
115          NO_ID   0.1868254371    2.863510816     0.00348619     0.00348619 
116          NO_ID   0.1955222367      2.8754444     0.00360677     0.00360677 
117          NO_ID   0.4035204493     3.99605465     0.00538025     0.00538025 
118          NO_ID   0.5736007502    4.007981978     0.00525005     0.00525005 
119          NO_ID    1.014016875      4.8958388    -0.00170076    -0.00170076 
120          NO_ID    1.023882931    3.699993774     -0.0019653     -0.0019653 
121          NO_ID    1.146260219    3.695966892    -0.00565154    -0.00565154 
122          NO_ID    1.181713393     3.90388969    -0.00685748    -0.00685748 
123          NO_ID    1.181713393    4.990916516    -0.00685748    -0.00685748 
124          NO_ID    1.598645434    4.640467696     -0.0257025     -0.0257025 
125          NO_ID    1.631027138     3.14657753     -0.0275256     -0.0275256 
126          NO_ID    1.631027138    4.559533747     -0.0275256     -0.0275256 
127          NO_ID    1.732915816      3.8668273     -0.0336047     -0.0336047 
128          NO_ID    1.779894341    4.653492561     -0.0365812     -0.0365812 
129          NO_ID    1.843004433    4.640467696     -0.0407556     -0.0407556 
130          NO_ID    2.069243841    2.570987887     -0.0573427     -0.0573427 
131          NO_ID    2.069243841    4.657789364     -0.0573427     -0.0573427 
132          NO_ID    2.273457315    2.547834426     -0.0745234     -0.0745234 
133          NO_ID    2.418144356     3.14657753     -0.0879678     -0.0879678 
134          NO_ID    2.505117391     4.99226498     -0.0965628     -0.0965628 
135          NO_ID    2.647481788    3.586116082      -0.111457      -0.111457 
136          NO_ID  -0.8357537723    3.511220674     -0.0366567     -0.0366567 
137          NO_ID  -0.8112099975     4.18267993     -0.0350882     -0.0350882 
138          NO_ID  -0.7673660804    3.724720926     -0.0323602     -0.0323602 
139          NO_ID  -0.6843302793    2.087461708     -0.0274549     -0.0274549 
140          NO_ID  -0.1628963552    3.117386459    -0.00444142    -0.00444142 
141          NO_ID -0.09279875508    2.024794304    -0.00236997    -0.00236997 
142          NO_ID -0.02390705004     2.81578899   -0.000570029   -0.000570029 
143          NO_ID   0.2016992826     3.99605465     0.00368997     0.00368997 
144          NO_ID   0.4104959436    4.653492561     0.00540288     0.00540288 
145          NO_ID   0.4117940862    3.417496859     0.00540669     0.00540669 
146          NO_ID   0.4117940862    3.660032518     0.00540669     0.00540669 
147          NO_ID   0.5258840446    3.411821738     0.00542985     0.00542985 
148          NO_ID   0.5736007502    3.695966892     0.00525005     0.00525005 
149          NO_ID   0.5736007502    3.699993774     0.00525005     0.00525005 
150          NO_ID   0.7564066871    3.600733565     0.00352371     0.00352371 
151          NO_ID    1.014016875    2.164476574    -0.00170076    -0.00170076 
152          NO_ID    1.023882931    2.087461708     -0.0019653     -0.0019653 
153          NO_ID    1.023882931    3.511220674     -0.0019653     -0.0019653 
154          NO_ID    1.023882931    3.660032518     -0.0019653     -0.0019653 
155          NO_ID    1.023882931      3.8668273     -0.0019653     -0.0019653 
156          NO_ID    1.119301669     3.14657753    -0.00477602    -0.00477602 
157          NO_ID    1.146260219      3.8668273    -0.00565154    -0.00565154 
158          NO_ID    1.146260219    4.007981978    -0.00565154    -0.00565154 
159          NO_ID    1.179129701    4.026448579     -0.0067675     -0.0067675 
160          NO_ID    1.179129701    4.127157921     -0.0067675     -0.0067675 
161          NO_ID    1.416518291    3.838108053     -0.0164122     -0.0164122 
162          NO_ID    1.528037157    4.353211354     -0.0219056     -0.0219056 
163          NO_ID    1.546712209      2.8754444     -0.0228849     -0.0228849 
164          NO_ID    1.591854453    2.351819755     -0.0253267     -0.0253267 
165          NO_ID    1.631027138    2.144077894     -0.0275256     -0.0275256 
166          NO_ID    1.631027138    2.863510816     -0.0275256     -0.0275256 
167          NO_ID    1.680597373    4.687518752     -0.0304189     -0.0304189 
168          NO_ID     1.70168762    4.807231636     -0.0316868     -0.0316868 
169          NO_ID    1.732915816    3.280387452     -0.0336047     -0.0336047 
170          NO_ID    1.828359856    2.520480061     -0.0397687     -0.0397687 
171          NO_ID    1.996035079    3.247046744     -0.0516972     -0.0516972 
172          NO_ID    2.222953061    4.026448579     -0.0700807     -0.0700807 
173          NO_ID   -1.543054367      3.8668273     -0.0947648     -0.0947648 
174          NO_ID  -0.2259583162     2.81578899    -0.00651176    -0.00651176 
175          NO_ID  -0.1628963552    2.496199222    -0.00444142    -0.00444142 
176          NO_ID  -0.1628963552    4.353211354    -0.00444142    -0.00444142 
177          NO_ID -0.02390705004    2.024794304   -0.000570029   -0.000570029 
178          NO_ID -0.02390705004    3.979583355   -0.000570029   -0.000570029 
179          NO_ID  0.01277877298    3.117386459    0.000293154    0.000293154 
180          NO_ID  0.01277877298    3.660032518    0.000293154    0.000293154 
181          NO_ID  0.01277877298      3.8668273    0.000293154    0.000293154 
182          NO_ID  0.01277877298    3.940939561    0.000293154    0.000293154 
183          NO_ID   0.1868254371    3.398843055     0.00348619     0.00348619 
184          NO_ID   0.4117940862    3.116592662     0.00540669     0.00540669 
185          NO_ID   0.5736007502    2.441684727     0.00525005     0.00525005 
186          NO_ID   0.5736007502    3.463169086     0.00525005     0.00525005 
187          NO_ID   0.5736007502    3.600733565     0.00525005     0.00525005 
188          NO_ID   0.5736007502    3.637627951     0.00525005     0.00525005 
189          NO_ID   0.6829831245    2.164476574     0.00441442     0.00441442 
190          NO_ID   0.7564066871     2.06386327     0.00352371     0.00352371 
191          NO_ID   0.7564066871    3.699993774     0.00352371     0.00352371 
192          NO_ID    1.014016875    4.848926178    -0.00170076    -0.00170076 
193          NO_ID    1.023882931    3.695966892     -0.0019653     -0.0019653 
194          NO_ID    1.023882931    4.640467696     -0.0019653     -0.0019653 
195          NO_ID    1.023882931    4.653492561     -0.0019653     -0.0019653 
196          NO_ID    1.119301669     2.81578899    -0.00477602    -0.00477602 
197          NO_ID    1.146260219    3.117386459    -0.00565154    -0.00565154 
198          NO_ID    1.146260219    4.127157921    -0.00565154    -0.00565154 
199          NO_ID    1.181713393    3.247046744    -0.00685748    -0.00685748 
200          NO_ID    1.279935412    4.007981978     -0.0105221     -0.0105221 
201          NO_ID    1.416518291      3.8668273     -0.0164122     -0.0164122 
202          NO_ID    1.528037157     3.28522324     -0.0219056     -0.0219056 
203          NO_ID   -1.291389649    2.583642035     -0.0712219     -0.0712219 
204          NO_ID -0.02390705004    3.247046744   -0.000570029   -0.000570029 
205          NO_ID -0.02390705004     3.99605465   -0.000570029   -0.000570029 
206          NO_ID -0.02390705004      4.8958388   -0.000570029   -0.000570029 
207          NO_ID  0.01277877298    3.359710338    0.000293154    0.000293154 
208          NO_ID   0.1955222367    3.417496859     0.00360677     0.00360677 
209          NO_ID   0.2398209117    2.164476574     0.00416277     0.00416277 
210          NO_ID   0.2398209117    2.661392964     0.00416277     0.00416277 
211          NO_ID   0.4117940862    4.640467696     0.00540669     0.00540669 
212          NO_ID   0.4223631841    2.012878336     0.00543584     0.00543584 
213          NO_ID   0.4856695475     2.81578899      0.0054949      0.0054949 
214          NO_ID   0.5736007502    2.024794304     0.00525005     0.00525005 
215          NO_ID   0.5736007502     2.06386327     0.00525005     0.00525005 
216          NO_ID   0.5736007502      3.8668273     0.00525005     0.00525005 
217          NO_ID   0.7564066871     2.81578899     0.00352371     0.00352371 
218          NO_ID   0.7564066871    4.664572366     0.00352371     0.00352371 
219          NO_ID    1.014016875     2.06386327    -0.00170076    -0.00170076 
220          NO_ID    1.014016875    3.979583355    -0.00170076    -0.00170076 
221          NO_ID    1.023882931    2.024794304     -0.0019653     -0.0019653 
222          NO_ID    1.023882931     2.06386327     -0.0019653     -0.0019653 
223          NO_ID    1.023882931    4.726744719     -0.0019653     -0.0019653 
224          NO_ID    1.033255659    3.463169086    -0.00222152    -0.00222152 
225          NO_ID    2.445741852    3.398843055     -0.0906525     -0.0906525 
226          NO_ID  -0.6332016036      3.8668273     -0.0246044     -0.0246044 
227          NO_ID  0.01108802902      4.8958388    0.000254828    0.000254828 
228          NO_ID  0.01277877298    2.661392964    0.000293154    0.000293154 
229          NO_ID  0.01277877298    3.411821738    0.000293154    0.000293154 
230          NO_ID  0.01277877298    3.637627951    0.000293154    0.000293154 
231          NO_ID   0.1955222367    3.247046744     0.00360677     0.00360677 
232          NO_ID   0.2016992826    3.463169086     0.00368997     0.00368997 
233          NO_ID   0.2016992826    4.640467696     0.00368997     0.00368997 
234          NO_ID   0.2398209117    4.653492561     0.00416277     0.00416277 
235          NO_ID   0.4117940862    2.950741484     0.00540669     0.00540669 
236          NO_ID   0.4117940862     3.99605465     0.00540669     0.00540669 
237          NO_ID   0.4856695475    2.024794304      0.0054949      0.0054949 
238          NO_ID   0.5736007502    2.661392964     0.00525005     0.00525005 
239          NO_ID   0.5736007502    2.695690012     0.00525005     0.00525005 
240          NO_ID   0.5736007502    4.726744719     0.00525005     0.00525005 
241          NO_ID   0.7282602166    2.583642035      0.0038965      0.0038965 
242          NO_ID   0.7564066871    2.441684727     0.00352371     0.00352371 
243          NO_ID    1.304300594    3.463169086      -0.011505      -0.011505 
244          NO_ID    2.525662926    2.863510816     -0.0986493     -0.0986493 
245          NO_ID   -1.988112354     2.06386327      -0.144231      -0.144231 
246          NO_ID  -0.3557022146      3.8668273     -0.0113871     -0.0113871 
247          NO_ID   0.1868254371    2.950741484     0.00348619     0.00348619 
248          NO_ID   0.1955222367     3.99605465     0.00360677     0.00360677 
249          NO_ID   0.1955222367    4.640467696     0.00360677     0.00360677 
250          NO_ID   0.2016992826     2.48442228     0.00368997     0.00368997 
251          NO_ID   0.2016992826    2.695690012     0.00368997     0.00368997 
252          NO_ID   0.2016992826    3.417496859     0.00368997     0.00368997 
253          NO_ID   0.4104959436    2.012878336     0.00540288     0.00540288 
254          NO_ID   0.4117940862    4.653492561     0.00540669     0.00540669 
255          NO_ID   0.5736007502    2.012878336     0.00525005     0.00525005 
256          NO_ID   0.5736007502    3.287258996     0.00525005     0.00525005 
257          NO_ID   0.5736007502     3.99605465     0.00525005     0.00525005 
258          NO_ID   0.5736007502    4.640467696     0.00525005     0.00525005 
259          NO_ID   0.7282602166    3.447603531      0.0038965      0.0038965 
260          NO_ID   0.7282602166    3.637627951      0.0038965      0.0038965 
261          NO_ID   -1.934291961    3.417496859      -0.137714      -0.137714 
262          NO_ID   -1.143940408    4.653492561     -0.0589041     -0.0589041 
263          NO_ID  -0.7155111733    4.353211354     -0.0292569     -0.0292569 
264          NO_ID   0.2016992826    4.653492561     0.00368997     0.00368997 
265          NO_ID   0.2398209117    3.117386459     0.00416277     0.00416277 
266          NO_ID   0.4104959436    3.059301111     0.00540288     0.00540288 
267          NO_ID   0.4223631841    4.353211354     0.00543584     0.00543584 
268          NO_ID   0.4856695475    4.653492561      0.0054949      0.0054949 
269          NO_ID   0.5258840446    2.661392964     0.00542985     0.00542985 
270          NO_ID   -1.446821224    2.441684727     -0.0853866     -0.0853866 
271          NO_ID   0.4104959436    2.695690012     0.00540288     0.00540288 
272          NO_ID   0.4104959436    3.600733565     0.00540288     0.00540288 
273          NO_ID   0.4117940862    2.012878336     0.00540669     0.00540669 
274          NO_ID   0.4856695475     2.06386327      0.0054949      0.0054949 
275          NO_ID   0.4856695475    3.699993774      0.0054949      0.0054949 
276          NO_ID   0.5736007502    2.991240747     0.00525005     0.00525005 
277          NO_ID   0.5736007502    4.653492561     0.00525005     0.00525005 
278          NO_ID   -1.831052383    2.012878336      -0.125626      -0.125626 
279          NO_ID   0.4117940862    2.661392964     0.00540669     0.00540669 
280          NO_ID   0.4856695475    2.012878336      0.0054949      0.0054949 
281          NO_ID   0.4856695475     3.99605465      0.0054949      0.0054949 
282          NO_ID   0.5258840446    4.640467696     0.00542985     0.00542985 
283          NO_ID   0.5736007502    2.950741484     0.00525005     0.00525005 
284          NO_ID    1.308283614    2.012878336     -0.0116685     -0.0116685 
285          NO_ID    1.471160798    3.059301111     -0.0190271     -0.0190271 
286          NO_ID    2.101302707    2.012878336      -0.059901      -0.059901 
287          NO_ID   0.4104959436    2.137970738     0.00540288     0.00540288 
288          NO_ID   0.4104959436    3.116592662     0.00540288     0.00540288 
289          NO_ID   0.4117940862    3.986920555     0.00540669     0.00540669 
290          NO_ID   0.4856695475    3.417496859      0.0054949      0.0054949 
291          NO_ID   0.4856695475    4.353211354      0.0054949      0.0054949 
292          NO_ID   0.5736007502    3.411821738     0.00525005     0.00525005 
293          NO_ID    2.232719477    4.653492561     -0.0709305     -0.0709305 
294          NO_ID    2.684827099    3.117386459      -0.115536      -0.115536 
295          NO_ID   -1.892969972     2.81578899       -0.13281       -0.13281 
296          NO_ID   0.4117940862     2.81578899     0.00540669     0.00540669 
297          NO_ID   0.4223631841    4.301288763     0.00543584     0.00543584 
298          NO_ID   0.4856695475    3.117386459      0.0054949      0.0054949 
299          NO_ID  -0.5754520719     2.06386327     -0.0215395     -0.0215395 
300          NO_ID -0.01249038336    3.117386459   -0.000294309   -0.000294309 
301          NO_ID   0.4117940862    2.024794304     0.00540669     0.00540669 
302          NO_ID   0.4117940862    2.113048339     0.00540669     0.00540669 
303          NO_ID   0.4223631841     2.81578899     0.00543584     0.00543584 
304          NO_ID   0.4856695475    3.411821738      0.0054949      0.0054949 
305          NO_ID   0.4856695475    3.660032518      0.0054949      0.0054949 
306          NO_ID   0.4856695475    3.986920555      0.0054949      0.0054949 
307          NO_ID   0.4223631841     2.06386327     0.00543584     0.00543584 
308          NO_ID   0.4223631841    2.950741484     0.00543584     0.00543584 
309          NO_ID   0.4856695475    2.605335761      0.0054949      0.0054949 
310          NO_ID   0.5258840446    4.301288763     0.00542985     0.00542985 
311          NO_ID    1.465190643    2.012878336     -0.0187343     -0.0187343 
312          NO_ID    1.830096952    4.353211354      -0.039885      -0.039885 
313          NO_ID   0.4223631841    3.411821738     0.00543584     0.00543584 
314          NO_ID   0.4856695475    4.126361452      0.0054949      0.0054949 
315          NO_ID   0.3423575295    2.012878336     0.00507925     0.00507925 
316          NO_ID   0.4223631841    2.024794304     0.00543584     0.00543584 
317          NO_ID   0.4223631841    3.660032518     0.00543584     0.00543584 
318          NO_ID   0.4856695475    4.301288763      0.0054949      0.0054949 
319          NO_ID    1.150452605    3.660032518    -0.00579091    -0.00579091 
320          NO_ID   0.4223631841    3.986920555     0.00543584     0.00543584 
321          NO_ID   0.4856695475    2.213168014      0.0054949      0.0054949 
322          NO_ID   0.4856695475    3.841772309      0.0054949      0.0054949 
323          NO_ID   0.4856695475    2.784758653      0.0054949      0.0054949 
324          NO_ID    2.071026975    4.126361452     -0.0574836     -0.0574836 
325          NO_ID   0.4856695475    2.641568175      0.0054949      0.0054949 
326          NO_ID    1.155401961    2.024794304    -0.00595658    -0.00595658 
327          NO_ID   0.4856695475    4.165777851      0.0054949      0.0054949 
328          NO_ID    1.219862351    4.126361452    -0.00822398    -0.00822398 
329          NO_ID  0.09532719203     3.99605465     0.00199336     0.00199336 
330          NO_ID    1.462245061    3.699993774     -0.0185904     -0.0185904 
331          NO_ID   -1.396396191    2.784758653      -0.080659      -0.080659 
332          NO_ID   0.4856695475    4.314387233      0.0054949      0.0054949 
333          NO_ID   0.2087230381    3.417496859     0.00378268     0.00378268 
334          NO_ID   0.4856695475    4.012286982      0.0054949      0.0054949 
335          NO_ID   0.4856695475    4.495615631      0.0054949      0.0054949 
336          NO_ID   0.9554789201    4.353211354   -0.000226133   -0.000226133 
337          NO_ID   -1.707902893    2.024794304      -0.111916      -0.111916 
338          NO_ID   0.4856695475    2.691836632      0.0054949      0.0054949 
339          NO_ID  -0.7912186649    2.605335761     -0.0338325     -0.0338325 
340          NO_ID   0.4856695475    3.580471524      0.0054949      0.0054949 
341          NO_ID    2.021426122    4.301288763      -0.053626      -0.053626 
342          NO_ID   0.4856695475     2.56104284      0.0054949      0.0054949 
343          NO_ID   0.4856695475    2.918272218      0.0054949      0.0054949 
344          NO_ID     2.86193194    2.641568175      -0.135856      -0.135856 
345          NO_ID   0.4856695475    2.314886758      0.0054949      0.0054949 
346          NO_ID   0.4856695475    2.947442223      0.0054949      0.0054949 
347          NO_ID   0.4856695475     2.33985588      0.0054949      0.0054949 
348          NO_ID   0.4856695475    3.658476757      0.0054949      0.0054949 
349          NO_ID     1.07259123    4.314387233    -0.00334433    -0.00334433 
350          NO_ID   0.3599491559    2.213168014     0.00518479     0.00518479 
351          NO_ID   0.4856695475    2.812260587      0.0054949      0.0054949 
352          NO_ID   0.4856695475    4.986955599      0.0054949      0.0054949 
353          NO_ID   0.4856695475    2.001901767      0.0054949      0.0054949 
354          NO_ID   0.4856695475    2.055034589      0.0054949      0.0054949 
355          NO_ID   0.4856695475    4.863485274      0.0054949      0.0054949 
356          NO_ID   -1.950036597    2.314886758      -0.139605      -0.139605 
357          NO_ID    -0.86487683    3.117386459     -0.0385571     -0.0385571 
358          NO_ID    1.039466468    4.301288763    -0.00239371    -0.00239371 
359          NO_ID    1.491325538    2.213168014     -0.0200294     -0.0200294 
360          NO_ID   -1.629313499    4.301288763      -0.103568      -0.103568 
361          NO_ID  -0.7689344789    3.417496859     -0.0324562     -0.0324562 
362          NO_ID   0.4856695475    2.830380728      0.0054949      0.0054949 
363          NO_ID   0.8121122079    2.691836632     0.00267095     0.00267095 
364          NO_ID   0.4856695475    2.984113495      0.0054949      0.0054949 
365          NO_ID   0.4856695475    4.042217557      0.0054949      0.0054949 
366          NO_ID    1.813436692    2.947442223     -0.0387737     -0.0387737 
367          NO_ID  -0.9063368523    2.691836632     -0.0413349     -0.0413349 
368          NO_ID  -0.2210056126    2.984113495    -0.00634203    -0.00634203 
369          NO_ID   0.4856695475    4.131917315      0.0054949      0.0054949 
370          NO_ID  -0.7990832812    2.984113495     -0.0343241     -0.0343241 
371          NO_ID  -0.5585714404    2.024794304     -0.0206755     -0.0206755 
372          NO_ID  0.06663244733    3.117386459     0.00144044     0.00144044 
373          NO_ID   0.4856695475    3.639426537      0.0054949      0.0054949 
374          NO_ID  0.08402003491    2.605335761     0.00178027     0.00178027 
375          NO_ID   0.4856695475    3.276064637      0.0054949      0.0054949 
376          NO_ID   0.4856695475    3.798226191      0.0054949      0.0054949 
377          NO_ID   0.4856695475     4.68807165      0.0054949      0.0054949 
378          NO_ID  -0.7964958645     2.33985588      -0.034162      -0.034162 
379          NO_ID   0.4856695475    2.045204531      0.0054949      0.0054949 
380          NO_ID   0.4856695475     3.79684592      0.0054949      0.0054949 
381          NO_ID   0.4856695475    3.884415014      0.0054949      0.0054949 
382          NO_ID    -1.14080475     2.06386327     -0.0586541     -0.0586541 
383          NO_ID  -0.9278850373    2.012878336     -0.0428124     -0.0428124 
384          NO_ID   0.4856695475     3.03961531      0.0054949      0.0054949 
385          NO_ID   0.4856695475    3.774781039      0.0054949      0.0054949 
386          NO_ID   0.4856695475    4.692102881      0.0054949      0.0054949 
387          NO_ID   0.4856695475    3.604932984      0.0054949      0.0054949 
388          NO_ID   0.4856695475    3.863617621      0.0054949      0.0054949 
389          NO_ID   0.4856695475    4.286221641      0.0054949      0.0054949 
390          NO_ID   0.4856695475    4.809817773      0.0054949      0.0054949 
391          NO_ID    1.567938995    2.984113495     -0.0240199     -0.0240199 
392          NO_ID  -0.7376602035    4.809817773     -0.0305661     -0.0305661 
393          NO_ID  0.05774443553    2.055034589     0.00126085     0.00126085 
394          NO_ID   0.4856695475     2.45843197      0.0054949      0.0054949 
395          NO_ID   0.4856695475    4.775705208      0.0054949      0.0054949 
396          NO_ID   0.7100472631     3.79684592     0.00411722     0.00411722 
397          NO_ID    2.453225848    4.653492561     -0.0913874     -0.0913874 
398          NO_ID   0.4856695475    2.102075521      0.0054949      0.0054949 
399          NO_ID   0.4856695475    2.332530206      0.0054949      0.0054949 
400          NO_ID   0.4856695475    3.298955098      0.0054949      0.0054949 
401          NO_ID    1.743725328     3.99605465     -0.0342801     -0.0342801 
402          NO_ID   -1.761056993    4.126361452      -0.117739      -0.117739 
403          NO_ID   0.4856695475    3.337568194      0.0054949      0.0054949 
404          NO_ID   0.4856695475    4.655455585      0.0054949      0.0054949 
405          NO_ID   0.4856695475    4.802327599      0.0054949      0.0054949 
406          NO_ID    1.730981214     2.45843197     -0.0334844     -0.0334844 
407          NO_ID    2.182519528    2.641568175     -0.0666146     -0.0666146 
408          NO_ID   -1.979896231    4.353211354      -0.143226      -0.143226 
409          NO_ID   0.4856695475    2.553624019      0.0054949      0.0054949 
410          NO_ID   0.4856695475    2.781538476      0.0054949      0.0054949 
411          NO_ID   0.4856695475    4.140122459      0.0054949      0.0054949 
412          NO_ID   0.4856695475    4.746875398      0.0054949      0.0054949 
413          NO_ID    2.590296987    3.639426537       -0.10535       -0.10535 
414          NO_ID  -0.7091063516    4.126361452     -0.0288822     -0.0288822 
415          NO_ID   0.4856695475    3.031452549      0.0054949      0.0054949 
416          NO_ID   0.4856695475    3.123811265      0.0054949      0.0054949 
417          NO_ID   0.4856695475    3.528868412      0.0054949      0.0054949 
418          NO_ID   0.4856695475    4.353942598      0.0054949      0.0054949 
419          NO_ID   0.9469185848    2.045204531    -2.4718e-05    -2.4718e-05 
420          NO_ID    1.949231149    4.986955599     -0.0482252     -0.0482252 
421          NO_ID   -1.917908395    4.314387233      -0.135759      -0.135759 
422          NO_ID  -0.6815046117    2.102075521      -0.027294      -0.027294 
423          NO_ID  -0.4224638452    3.841772309     -0.0142195     -0.0142195 
424          NO_ID   0.1563204854    4.692102881     0.00303439     0.00303439 
425          NO_ID   0.4856695475    2.415100074      0.0054949      0.0054949 
426          NO_ID   0.4856695475    3.965233973      0.0054949      0.0054949 
427          NO_ID     2.28730543    3.699993774     -0.0757643     -0.0757643 
428          NO_ID   0.4856695475    4.395081429      0.0054949      0.0054949 
429          NO_ID   0.4856695475    4.741854315      0.0054949      0.0054949 
430          NO_ID   0.4856695475    4.782078943      0.0054949      0.0054949 
431          NO_ID   0.9071921194    2.781538476     0.00086275     0.00086275 
432          NO_ID    2.375593369    2.784758653     -0.0839045     -0.0839045 
433          NO_ID    2.922424064    2.605335761      -0.143166      -0.143166 
434          NO_ID  -0.7938527245     2.45843197     -0.0339961     -0.0339961 
435          NO_ID   0.4856695475    2.360312657      0.0054949      0.0054949 
436          NO_ID   0.4856695475    2.518503751      0.0054949      0.0054949 
437          NO_ID   0.4856695475    3.295907212      0.0054949      0.0054949 
438          NO_ID   0.4856695475    4.125800641      0.0054949      0.0054949 
439          NO_ID   0.6692410268    4.655455585     0.00455158     0.00455158 
440          NO_ID    1.864767905     3.79684592     -0.0422403     -0.0422403 
441          NO_ID     2.56272315    4.165777851      -0.102465      -0.102465 
442          NO_ID   -1.878806747    3.417496859       -0.13115       -0.13115 
443          NO_ID   -1.564786707    4.353942598     -0.0969475     -0.0969475 
444          NO_ID   0.4856695475    2.084788705      0.0054949      0.0054949 
445          NO_ID   0.4856695475    2.758443108      0.0054949      0.0054949 
446          NO_ID   0.4856695475    3.386918063      0.0054949      0.0054949 
447          NO_ID   0.4856695475    3.550406045      0.0054949      0.0054949 
448          NO_ID   0.4856695475    3.811567662      0.0054949      0.0054949 
449          NO_ID    2.404311562    2.918272218     -0.0866366     -0.0866366 
450          NO_ID   -1.836120983    3.386918063      -0.126206      -0.126206 
451          NO_ID  -0.5624599171     2.56104284     -0.0208734     -0.0208734 
452          NO_ID  -0.3661689672    4.140122459     -0.0118167     -0.0118167 
453          NO_ID   0.4856695475    2.619865998      0.0054949      0.0054949 
454          NO_ID   0.4856695475    3.210961005      0.0054949      0.0054949 
455          NO_ID   0.4856695475    3.252057623      0.0054949      0.0054949 
456          NO_ID   0.4856695475    4.488583224      0.0054949      0.0054949 
457          NO_ID   0.4856695475    4.965412835      0.0054949      0.0054949 
458          NO_ID    1.320663766    3.417496859     -0.0121816     -0.0121816 
459          NO_ID   0.4856695475    2.338337461      0.0054949      0.0054949 
460          NO_ID   0.4856695475    2.467241329      0.0054949      0.0054949 
461          NO_ID   0.4856695475    3.708952964      0.0054949      0.0054949 
462          NO_ID   0.4856695475    3.876770772      0.0054949      0.0054949 
463          NO_ID   0.4856695475    4.113396099      0.0054949      0.0054949 
464          NO_ID   0.4856695475    4.359991081      0.0054949      0.0054949 
465          NO_ID    1.334229017    4.809817773     -0.0127529     -0.0127529 
466          NO_ID    1.506364128    3.798226191     -0.0207898     -0.0207898 
467          NO_ID   -1.274014732    4.126361452     -0.0697149     -0.0697149 
468          NO_ID   0.4856695475    3.138314496      0.0054949      0.0054949 
469          NO_ID   0.4856695475    4.564849373      0.0054949      0.0054949 
470          NO_ID   0.4856695475    4.680319741      0.0054949      0.0054949 
471          NO_ID   0.4856695475    4.878035495      0.0054949      0.0054949 
472          NO_ID    1.825772313    4.286221641     -0.0395974     -0.0395974 
473          NO_ID    1.996941959    3.604932984     -0.0517655     -0.0517655 
474          NO_ID    2.101102468    3.863617621     -0.0598849     -0.0598849 
475          NO_ID   -1.785565534    2.518503751      -0.120472      -0.120472 
476          NO_ID   0.2314677561    2.332530206     0.00406538     0.00406538 
477          NO_ID   0.4856695475    2.113205082      0.0054949      0.0054949 
478          NO_ID   0.4856695475    2.475013999      0.0054949      0.0054949 
479          NO_ID   0.4856695475     2.47849823      0.0054949      0.0054949 
480          NO_ID   0.4856695475     4.88557635      0.0054949      0.0054949 
481          NO_ID    1.659855963    3.123811265     -0.0291936     -0.0291936 
482          NO_ID    2.363380524    3.298955098     -0.0827551     -0.0827551 
483          NO_ID    2.487782812    4.655455585     -0.0948195     -0.0948195 
484          NO_ID    2.570495065    3.337568194      -0.103275      -0.103275 
485          NO_ID  -0.5422269085    3.411821738     -0.0198519     -0.0198519 
486          NO_ID    0.324032114    2.947442223     0.00495346     0.00495346 
487          NO_ID   0.4856695475    2.631385322      0.0054949      0.0054949 
488          NO_ID   0.4856695475    2.835280456      0.0054949      0.0054949 
489          NO_ID   0.4856695475    3.586841636      0.0054949      0.0054949 
490          NO_ID   0.4856695475    4.622622057      0.0054949      0.0054949 
491          NO_ID   0.4856695475    4.892001586      0.0054949      0.0054949 
492          NO_ID   0.5595672673    3.417496859     0.00531429     0.00531429 
493          NO_ID    1.351532988    2.012878336      -0.013495      -0.013495 
494          NO_ID    2.149696014    4.782078943     -0.0638621     -0.0638621 
495          NO_ID   -1.912894438    4.782078943      -0.135164      -0.135164 
496          NO_ID   -1.762238397    2.332530206       -0.11787       -0.11787 
497          NO_ID   -1.426816562    2.102075521     -0.0834956     -0.0834956 
498          NO_ID   -1.090471367    4.113396099     -0.0547053     -0.0547053 
499          NO_ID  -0.6460457363    4.680319741     -0.0253083     -0.0253083 
500          NO_ID   0.4400849116    4.622622057     0.00547232     0.00547232 
