%eval_id interface             x1       obj_fn_1       obj_fn_2 
1            NO_ID   -9.575890843      91.697685     134.001249 
2            NO_ID   -9.370073024      87.798268     129.278561 
3            NO_ID   -9.141344223      83.564174     124.129551 
4            NO_ID   -8.261667722      68.255154     105.301824 
5            NO_ID   -8.081744107      65.314588     101.641564 
6            NO_ID   -7.760756816      60.229346      95.272374 
7            NO_ID   -7.459077154      55.637832      89.474141 
8            NO_ID   -7.412654002      54.947439      88.598055 
9            NO_ID   -7.257847198      52.676346      85.707735 
10           NO_ID   -7.179613885      51.546856      84.265311 
11           NO_ID   -6.495072374      42.185965      72.166255 
12           NO_ID   -6.453413878      41.646551      71.460206 
13           NO_ID   -5.882727139      34.606479      62.137387 
14           NO_ID   -5.163201995      26.658655      51.311463 
15           NO_ID   -4.473137452      20.008959      41.901508 
16           NO_ID   -4.441024379      19.722698      41.486795 
17           NO_ID   -4.184873371      17.513165      38.252659 
18           NO_ID   -3.628390084      13.165215      31.678775 
19           NO_ID   -3.152562433        9.93865        26.5489 
20           NO_ID   -2.998463108       8.990781      24.984633 
21           NO_ID     -2.7750478        7.70089      22.801081 
22           NO_ID   -2.770502443       7.675684      22.757694 
23           NO_ID   -2.702692101       7.304545      22.115313 
24           NO_ID   -2.139807321       4.578775      17.138005 
25           NO_ID   -1.965857005       3.864594      15.728022 
26           NO_ID   -1.611338449       2.596412      13.041765 
27           NO_ID   -1.542327354       2.378774      12.548083 
28           NO_ID  -0.3626766942       0.131534       5.582241 
29           NO_ID  -0.2286841302       0.052296       4.967033 
30           NO_ID  -0.1189505356       0.014149       4.489951 
31           NO_ID  0.04988367206       0.002488       3.802954 
32           NO_ID   0.2733861796        0.07474       2.981195 
33           NO_ID   0.8438940304       0.712157       1.336581 
34           NO_ID    1.130814353       1.278741       0.755484 
35           NO_ID    1.343159169       1.804077        0.43144 
36           NO_ID    1.365120304       1.863553       0.403072 
37           NO_ID    2.468766632       6.094809       0.219742 
38           NO_ID    2.752152566       7.574344       0.565733 
39           NO_ID    3.049070245       9.296829       1.100548 
40           NO_ID    3.782489418      14.307226       3.177269 
41           NO_ID    3.783377779      14.313947       3.180436 
42           NO_ID    3.806926531       14.49269       3.264983 
43           NO_ID    4.360611427      19.014932       5.572486 
44           NO_ID    4.394939111       19.31549       5.735733 
45           NO_ID    7.210114271      51.985748      27.145291 
46           NO_ID    7.357453991      54.132129      28.702313 
47           NO_ID    7.613778625      57.969625       31.51451 
48           NO_ID     8.44671159      71.346937       41.56009 
49           NO_ID    9.197409441       84.59234      51.802703 
50           NO_ID    9.965672325      99.314625      63.451936 
51           NO_ID   -9.372479394       87.84337     129.333288 
52           NO_ID   -6.135838058      37.648509      66.191861 
53           NO_ID   -2.243471636       5.033165      18.007052 
54           NO_ID    1.112018372       1.236585       0.788511 
55           NO_ID    1.349828975       1.822038       0.422722 
56           NO_ID    -9.64036962      92.936726     135.498205 
57           NO_ID    1.079553818       1.165436       0.847221 
58           NO_ID    6.204943515      38.501324       17.68155 
59           NO_ID    8.686415087      75.453807      44.708147 
60           NO_ID   -2.162913267       4.678194      17.329847 
61           NO_ID    2.298227964       5.281852        0.08894 
62           NO_ID    3.804855167      14.476923       3.257502 
63           NO_ID    5.887183461      34.658929      15.110195 
64           NO_ID   -7.327904402      53.698183      87.009801 
65           NO_ID   -5.047077478      25.472991      49.661301 
66           NO_ID  -0.6160599136        0.37953       6.843769 
67           NO_ID    2.231086787       4.977748       0.053401 
68           NO_ID    2.240220733       5.018589       0.057706 
69           NO_ID    4.894048439       23.95171       8.375516 
70           NO_ID   0.7863552453       0.618355       1.472934 
71           NO_ID    6.687337913      44.720488      21.971137 
72           NO_ID    9.013274004      81.239108      49.186012 
73           NO_ID   -4.628203248      21.420265      43.933078 
74           NO_ID    4.253076461      18.088659       5.076354 
75           NO_ID   -6.405328073      41.028228       70.64954 
76           NO_ID   -8.559572761      73.266286     111.504577 
77           NO_ID   -4.236477052      17.947738      38.893646 
78           NO_ID    -1.52991585       2.340643      12.460306 
79           NO_ID    7.847748724       61.58716      34.196165 
80           NO_ID   -9.455587063      89.408127     131.230475 
81           NO_ID    1.544903224       2.386726       0.207113 
82           NO_ID   -1.070408845       1.145775        9.42741 
83           NO_ID    9.136067293      83.467726      50.923456 
84           NO_ID   -4.195833604       17.60502      38.388354 
85           NO_ID    1.283245651       1.646719       0.513737 
86           NO_ID   -5.182583162      26.859168      51.589501 
87           NO_ID    2.243929139       5.035218       0.059501 
88           NO_ID    4.132545671      17.077934       4.547751 
89           NO_ID    5.187385453      26.908968      10.159426 
90           NO_ID    -8.10413422      65.676991     102.093528 
91           NO_ID    3.512183676      12.335434       2.286699 
92           NO_ID   -9.900409095        98.0181     141.619737 
93           NO_ID    -1.24101833       1.540126        10.5042 
94           NO_ID    3.242838147      10.515999       1.544647 
95           NO_ID    9.028979623      81.522473      49.406555 
96           NO_ID   -2.315712763       5.362526      18.625377 
97           NO_ID   0.3443819612       0.118599       2.741071 
98           NO_ID   -1.666139249        2.77602      13.440577 
99           NO_ID    3.401941272      11.573204       1.965439 
100          NO_ID    4.308294549      18.561402       5.328224 
101          NO_ID  -0.8894364214       0.791097       8.348843 
102          NO_ID    2.363933256        5.58818       0.132447 
103          NO_ID   -6.326355038      40.022768      69.328188 
104          NO_ID  -0.5075900585       0.257648       6.288008 
105          NO_ID     -2.8530498       8.139893      23.552092 
106          NO_ID   -2.617962357       6.853727      21.325576 
107          NO_ID    6.126515305       37.53419      17.028129 
108          NO_ID     8.42383271      70.960958      41.265627 
109          NO_ID   -8.171802544      66.778357     103.465567 
110          NO_ID    2.733006018       7.469322       0.537298 
111          NO_ID   -2.646353614       7.003187      21.588602 
112          NO_ID  -0.3234983191       0.104651       5.398644 
113          NO_ID   -1.854170548       3.437948      14.854631 
114          NO_ID    9.513191301      90.500809      56.448044 
115          NO_ID   -8.705611238      75.787667     114.610112 
116          NO_ID    8.170544448      66.757797      38.075619 
117          NO_ID   -7.965518142      63.449479      99.311552 
118          NO_ID  -0.9894098951       0.978932       8.936572 
119          NO_ID   -7.818807782      61.133755      96.408986 
120          NO_ID  0.05574647805       0.003108       3.780122 
121          NO_ID    3.624043518      13.133691       2.637517 
122          NO_ID    -3.46740835      12.022921      29.892554 
123          NO_ID   -2.030527569       4.123042      16.245152 
124          NO_ID   -6.317708202      39.913437       69.18427 
125          NO_ID  -0.3123803578       0.097581       5.347103 
126          NO_ID    4.888964414      23.901973       8.346115 
127          NO_ID    6.269632166      39.308288      18.229759 
128          NO_ID    -9.14121882      83.561882     124.126757 
129          NO_ID   -6.660983226      44.368698       75.01263 
130          NO_ID     1.51036549       2.281204       0.239742 
131          NO_ID    3.991548686      15.932461       3.966266 
132          NO_ID   -8.248986499      68.045778     105.041724 
133          NO_ID   -4.272998448      18.258516       39.35051 
134          NO_ID   -4.115280218      16.935531      37.396652 
135          NO_ID    -6.23819989      38.915138      67.867937 
136          NO_ID    3.367516731      11.340169       1.870102 
137          NO_ID    5.603636389      31.400741      12.986195 
138          NO_ID   -8.521485896      72.615722     110.701665 
139          NO_ID   -4.441669953      19.728432      41.495112 
140          NO_ID    1.458075573       2.125984       0.293682 
141          NO_ID    -8.42812878      71.033355      108.74587 
142          NO_ID   -3.201939274      10.252415      27.060172 
143          NO_ID   -5.213931666      27.185083       52.04081 
144          NO_ID  -0.3771989375       0.142279       5.651075 
145          NO_ID   -9.989614785      99.792404     143.750863 
146          NO_ID   -3.489475461      12.176439      30.134341 
147          NO_ID   0.9766282937       0.953803        1.04729 
148          NO_ID  -0.5860136778       0.343412       6.687467 
149          NO_ID    3.162172685       9.999336       1.350645 
150          NO_ID     7.65762926      58.639286      32.008769 
151          NO_ID   -8.320000823      69.222414     106.502417 
152          NO_ID   -1.974985735       3.900569      15.800512 
153          NO_ID    3.551017527      12.609725       2.405655 
154          NO_ID  0.06610060579       0.004369       3.739967 
155          NO_ID    7.690621986      59.145667      32.383179 
156          NO_ID    8.626446546       74.41558      43.909794 
157          NO_ID     5.25617006      27.627324      10.602643 
158          NO_ID    5.276288695      27.839222      10.734068 
159          NO_ID    8.688526907        75.4905      44.736392 
160          NO_ID   -9.065891439      82.190388     122.453953 
161          NO_ID    1.029000893       1.058843       0.942839 
162          NO_ID    6.954445092      48.364307      24.546526 
163          NO_ID   -8.456542556      71.513112     109.339282 
164          NO_ID   -5.577340664      31.106729      57.416092 
165          NO_ID    5.618700644      31.569797      13.094994 
166          NO_ID   0.6055149579       0.366648       1.944589 
167          NO_ID    2.247217899       5.049988       0.061117 
168          NO_ID    3.617016111      13.082806       2.614741 
169          NO_ID   -9.425757425      88.844903     130.547933 
170          NO_ID    4.718390831      22.263212       7.389649 
171          NO_ID    9.468054045      89.644047      55.771831 
172          NO_ID   -6.857164184      47.020701      78.449357 
173          NO_ID   -3.723970015      13.867953      32.763833 
174          NO_ID   -1.122721821       1.260504       9.751392 
175          NO_ID   -5.550992235      30.813515      57.017484 
176          NO_ID   -4.399874152      19.358893      40.958389 
177          NO_ID    3.453148898      11.924237       2.111642 
178          NO_ID   -6.367654938      40.547029      70.017649 
179          NO_ID   -5.329811766      28.406893      53.726141 
180          NO_ID   -2.956490346       8.740835      24.566797 
181          NO_ID   -5.194399876       26.98179       51.75939 
182          NO_ID   -3.978963538      15.832151      35.748005 
183          NO_ID     0.63367344       0.401542       1.866848 
184          NO_ID   -8.619535676      74.296395     112.774538 
185          NO_ID   -7.029426963      49.412843      81.530551 
186          NO_ID   0.5817182132       0.338396       2.011523 
187          NO_ID   -5.095477456      25.963891        50.3458 
188          NO_ID   -1.227919772       1.507787      10.419466 
189          NO_ID    6.425269785      41.284092      19.583013 
190          NO_ID   -6.395163832       40.89812      70.478776 
191          NO_ID   -4.915242547      24.159609      47.820579 
192          NO_ID     1.47328164       2.170559       0.277432 
193          NO_ID   -5.902079808      34.834546      62.442865 
194          NO_ID    8.020545076      64.329143      36.246963 
195          NO_ID   -6.451331003      41.619672      71.424996 
196          NO_ID   -3.620219675       13.10599      31.586869 
197          NO_ID   0.5235659659       0.274121       2.179857 
198          NO_ID     -4.6930679      22.024886      44.797158 
199          NO_ID    2.970732596       8.825252       0.942322 
200          NO_ID    3.264353794      10.656006       1.598591 
201          NO_ID   -6.390693326      40.840961      70.403734 
202          NO_ID    5.641315447       31.82444      13.259178 
203          NO_ID    7.851361389      61.643876       34.23843 
204          NO_ID   -3.256306431      10.603532      27.628757 
205          NO_ID    4.612346457       21.27374       6.824354 
206          NO_ID    4.641579778      21.544263       6.977944 
207          NO_ID    8.249436691      68.053206      39.055459 
208          NO_ID    9.059445075      82.073545      49.835765 
209          NO_ID   -9.517167648       90.57648     132.645151 
210          NO_ID   -6.010458039      36.125606      64.167438 
211          NO_ID   -5.785676872      33.474057      60.616764 
212          NO_ID   -7.680350187      58.987779       93.70918 
213          NO_ID   -6.917993434      47.858633      79.530607 
214          NO_ID   -4.120050955       16.97482      37.455024 
215          NO_ID   -3.014068433       9.084609      25.140882 
216          NO_ID    9.598141564      92.124321      57.731755 
217          NO_ID    9.632688723      92.788692      58.257937 
218          NO_ID  -0.5852418815       0.342508       6.683476 
219          NO_ID  -0.3431581475       0.117758        5.49039 
220          NO_ID    8.915370535      79.483832       47.82235 
221          NO_ID   -1.542307777       2.378713      12.547944 
222          NO_ID    9.431959437      88.961859      55.234021 
223          NO_ID    3.318784932      11.014333       1.739194 
224          NO_ID    3.853686635      14.850901       3.436154 
225          NO_ID    4.320645833       18.66798       5.385397 
226          NO_ID   -9.693368655      93.961396      136.73487 
227          NO_ID    8.860035026      78.500221      47.060081 
228          NO_ID   -5.390644286      29.059046      54.621623 
229          NO_ID    4.691835602      22.013321       7.245979 
230          NO_ID    5.463839413      29.853541      11.998183 
231          NO_ID   -8.281271531      68.579458     105.704544 
232          NO_ID   -6.063092284      36.761088      65.013457 
233          NO_ID   -4.410538084      19.452846      41.094999 
234          NO_ID   -1.278810879       1.635357      10.750601 
235          NO_ID    1.517313938       2.302242       0.232986 
236          NO_ID    2.761883136       7.627998       0.580466 
237          NO_ID   -4.554785711      20.746073      42.965216 
238          NO_ID   -1.460944503       2.134359      11.978137 
239          NO_ID    1.653613109       2.734436       0.119984 
240          NO_ID   -6.906163104      47.695089      79.319741 
241          NO_ID   -4.818959383       23.22237      46.498207 
242          NO_ID    1.378639625       1.900647       0.386089 
243          NO_ID    3.131489881       9.806229       1.280269 
244          NO_ID   -6.563437961      43.078718       73.33247 
245          NO_ID     3.54919614      12.596793       2.400009 
246          NO_ID    4.234172979      17.928221       4.991529 
247          NO_ID    5.801745213      33.660248      14.453267 
248          NO_ID    2.372061365       5.626675        0.13843 
249          NO_ID     6.44309366      41.513456      19.741081 
250          NO_ID    7.192798153      51.736345      26.965153 
251          NO_ID   -6.588266518      43.405256      73.758322 
252          NO_ID   -6.283993775      39.488578      68.624553 
253          NO_ID   -4.249265527      18.056258       39.05332 
254          NO_ID  -0.1084455802        0.01176       4.445543 
255          NO_ID   -2.539973544       6.451466       20.61136 
256          NO_ID  -0.3620556325       0.131084       5.579307 
257          NO_ID      1.3912335       1.935531       0.370597 
258          NO_ID    3.632321541       13.19376       2.664474 
259          NO_ID    6.515059777      42.446004      20.385765 
260          NO_ID    7.862850026      61.824411       34.37301 
261          NO_ID    8.410517628      70.736807      41.094736 
262          NO_ID    8.552677025      73.148284      42.937576 
263          NO_ID   0.2116724617       0.044805       3.198115 
264          NO_ID    1.816822464       3.300844       0.033554 
265          NO_ID    3.696261166      13.662347       2.877302 
266          NO_ID    3.780919227       14.29535       3.171673 
267          NO_ID     6.27968503      39.434444      18.315704 
268          NO_ID    7.006968203      49.097603      25.069731 
269          NO_ID   -8.603218858      74.015375      112.42825 
270          NO_ID   -5.272039564      27.794401      52.882559 
271          NO_ID   -2.172488883       4.719708      17.409663 
272          NO_ID     9.04366984      81.787964      49.613285 
273          NO_ID   -3.632490241      13.194985      31.724946 
274          NO_ID    -1.64302033       2.699516      13.271597 
275          NO_ID    9.482955066      89.926437      55.994617 
276          NO_ID   -5.778237849      33.388033      60.500984 
277          NO_ID    8.407128834      70.679815        41.0513 
278          NO_ID    9.752352945      95.108388      60.098976 
279          NO_ID   -4.017899592      16.143517      36.215116 
280          NO_ID      3.0378627        9.22861       1.077159 
281          NO_ID    5.532158378      30.604776      12.476143 
282          NO_ID    8.492955025      72.130285      42.158465 
283          NO_ID   -6.979015775      48.706661      80.622724 
284          NO_ID   -6.304889003      39.751625      68.971181 
285          NO_ID   -1.114605987       1.242347        9.70077 
286          NO_ID    8.333814376      69.452462      40.117205 
287          NO_ID   -6.058668343      36.707462      64.942135 
288          NO_ID   -2.852438797       8.136407      23.546162 
289          NO_ID    3.591900763      12.901751       2.534148 
290          NO_ID    5.899740614      34.806939      15.207977 
291          NO_ID    -6.60412683      43.614491      74.030999 
292          NO_ID   -5.072793455      25.733233      50.024407 
293          NO_ID    4.775335209      22.803826       7.702486 
294          NO_ID    8.468958446      71.723257      41.847423 
295          NO_ID   -4.953934837       24.54147       48.35721 
296          NO_ID   0.2997430183       0.089846       2.890874 
297          NO_ID    4.278347834       18.30426       5.190869 
298          NO_ID    9.912851779       98.26463      62.613223 
299          NO_ID   -2.887150325       8.335637      23.884238 
300          NO_ID   0.8548224023       0.730721       1.311432 
301          NO_ID    1.474520383        2.17421       0.276129 
302          NO_ID    9.976165639      99.523881      63.619218 
303          NO_ID   -6.914378543      47.808631      79.466145 
304          NO_ID   -2.094477858       4.386837      16.764749 
305          NO_ID   0.1812669217       0.032858        3.30779 
306          NO_ID    7.420096201      55.057828      29.377443 
307          NO_ID    -6.69325793      44.799702      75.572733 
308          NO_ID   -6.116314286        37.4093      65.874558 
309          NO_ID    5.755270149      33.123134      14.102054 
310          NO_ID    6.394220943      40.886061      19.309178 
311          NO_ID   -2.472219287       6.111868      20.000745 
312          NO_ID    3.522679337       12.40927       2.318552 
313          NO_ID    3.542807528      12.551485       2.380255 
314          NO_ID   -1.536587594       2.361101      12.507452 
315          NO_ID -0.09930609264       0.009862       4.407086 
316          NO_ID    4.874689539      23.762598        8.26384 
317          NO_ID    8.232348877      67.771568      38.842173 
318          NO_ID   -7.179321208      51.542653      84.259938 
319          NO_ID    5.749627713      33.058219      14.059708 
320          NO_ID    6.464830058      41.794028      19.934707 
321          NO_ID    7.241617105      52.441018       27.47455 
322          NO_ID   -9.053079485      81.958248     122.170566 
323          NO_ID    2.699302879       7.286236       0.489025 
324          NO_ID    5.821722334      33.892451      14.605562 
325          NO_ID    8.199341017      67.229193      38.431829 
326          NO_ID   -5.238453567      27.441396       52.39521 
327          NO_ID   -5.207771601      27.120885      51.951971 
328          NO_ID   -1.676324043       2.810062      13.515358 
329          NO_ID    6.553435091      42.947511      20.733771 
330          NO_ID    1.079828884        1.16603       0.846715 
331          NO_ID    3.166563061      10.027122       1.360869 
332          NO_ID    3.284319031      10.786751       1.649475 
333          NO_ID    8.365940348      69.988958      40.525197 
334          NO_ID   -1.023420175       1.047389        9.14107 
335          NO_ID -0.002279295587          5e-06       4.009122 
336          NO_ID   0.6670926375       0.445013       1.776642 
337          NO_ID    1.858226588       3.453006         0.0201 
338          NO_ID   -8.579226014      73.603119     111.920023 
339          NO_ID   -6.288299475       39.54271      68.695908 
340          NO_ID   -1.291346276       1.667575       10.83296 
341          NO_ID  -0.6790806217        0.46115       7.177473 
342          NO_ID    5.097253898      25.981997       9.592982 
343          NO_ID   -7.225523227      52.208186      85.110279 
344          NO_ID   -3.268202568      10.681148      27.753958 
345          NO_ID    3.593377421      12.912361       2.538852 
346          NO_ID    7.163711813      51.318767       26.66392 
347          NO_ID    8.290397496      68.730691      39.569101 
348          NO_ID   -7.646350953      58.466683      93.052087 
349          NO_ID   -5.264057897      27.710306      52.766537 
350          NO_ID  -0.7565279634       0.572335       7.598446 
351          NO_ID  -0.1741172328       0.030317       4.726786 
352          NO_ID    0.745087867       0.555156       1.574804 
353          NO_ID    -7.70575676      59.378687      94.201714 
354          NO_ID   -6.488958055      42.106577      72.062409 
355          NO_ID   -2.450673055       6.005798      19.808491 
356          NO_ID   0.5096707263       0.259764       2.221081 
357          NO_ID   -9.495484382      90.164224     132.146161 
358          NO_ID   -4.337707606      18.815707      40.166538 
359          NO_ID   0.4542425137       0.206336       2.389366 
360          NO_ID    1.697214428       2.880537       0.091679 
361          NO_ID     5.12088048      26.223417       9.739895 
362          NO_ID   -8.995766816      80.923821     120.906888 
363          NO_ID   -4.376536102      19.154068      40.660213 
364          NO_ID    2.010201612       4.040911       0.000104 
365          NO_ID    5.764544492      33.229973      14.171795 
366          NO_ID    6.244559957      38.994529      18.016289 
367          NO_ID   -1.998415753       3.993666      15.987329 
368          NO_ID   -1.456806963       2.122287      11.949514 
369          NO_ID    3.603685281      12.986548       2.571806 
370          NO_ID    4.210576198      17.728952       4.886647 
371          NO_ID     9.72668834      94.608466      59.701713 
372          NO_ID   -8.782095834      77.125207     116.253591 
373          NO_ID    1.633140608       2.667148       0.134586 
374          NO_ID    4.867562407      23.693164       8.222914 
375          NO_ID    8.131689261       66.12437      37.597613 
376          NO_ID    9.819493852       96.42246      61.144484 
377          NO_ID   -1.612741394       2.600935        13.0519 
378          NO_ID    1.195214731       1.428538       0.647679 
379          NO_ID    4.143164118      17.165809       4.593152 
380          NO_ID    6.869629853      47.191814      23.713295 
381          NO_ID    9.730872633      94.689882      59.766392 
382          NO_ID   -2.364903452       5.592768      19.052382 
383          NO_ID    2.488248456        6.19138       0.238387 
384          NO_ID     3.66682612      13.445614       2.778309 
385          NO_ID    6.096559454      37.168037      16.781799 
386          NO_ID    9.365100003      87.705098      54.244698 
387          NO_ID   -7.195731866      51.778557      84.561485 
388          NO_ID   -5.418400064      29.359059       55.03266 
389          NO_ID    -5.04800746      25.482379      49.674409 
390          NO_ID   -4.768910303      22.742505      45.818147 
391          NO_ID   -3.715942788      13.808231      32.672002 
392          NO_ID   -7.112616532      50.589314       83.03978 
393          NO_ID   -6.028564272      36.343587      64.457844 
394          NO_ID    1.200939804       1.442256       0.638497 
395          NO_ID    9.028910994      81.521234       49.40559 
396          NO_ID    9.382462883       88.03061      54.500758 
397          NO_ID   -5.424422126      29.424355      55.122044 
398          NO_ID   -4.677330281      21.877419       44.58674 
399          NO_ID   -2.059344543         4.2409      16.478278 
400          NO_ID   -1.225533388       1.501932      10.404066 
401          NO_ID     9.18474419      84.359526      51.620549 
402          NO_ID   -7.852361313      61.659578      97.069023 
403          NO_ID   -2.979494907        8.87739       24.79537 
404          NO_ID   -1.946593836       3.789228      15.575603 
405          NO_ID  -0.4770859566       0.227611       6.135955 
406          NO_ID    9.932390526      98.652382      62.922819 
407          NO_ID  -0.8030084664       0.644823       7.856856 
408          NO_ID    1.089080372       1.186096       0.829775 
409          NO_ID    5.053181795      25.534646       9.321919 
410          NO_ID    5.997554472       35.97066      15.980442 
411          NO_ID   -3.257288566      10.609929      27.639083 
412          NO_ID   -2.594299946       6.730392      21.107592 
413          NO_ID    2.845963097       8.099506       0.715654 
414          NO_ID    4.283458159      18.348014       5.214181 
415          NO_ID   -9.230988873      85.211156     126.135111 
416          NO_ID  -0.8999622757       0.809932       8.409781 
417          NO_ID  0.08402690761       0.007061       3.670953 
418          NO_ID    4.364874528       19.05213       5.592632 
419          NO_ID    4.773342039      22.784794       7.691426 
420          NO_ID    1.184638707       1.403369       0.664814 
421          NO_ID    3.509975157      12.319926       2.280025 
422          NO_ID    7.115536508       50.63086      26.168714 
423          NO_ID    7.928817644      62.866149      35.150879 
424          NO_ID    8.632148885      74.513994      43.985399 
425          NO_ID   -9.007010879      81.126245     121.154288 
426          NO_ID   -7.131310244      50.855586      83.380827 
427          NO_ID   -4.360467547      19.013677      40.455547 
428          NO_ID   -4.012161928      16.097443      36.146091 
429          NO_ID    2.451603325       6.010359       0.203946 
430          NO_ID    7.558113131      57.125074      30.892622 
431          NO_ID   -4.800388103      23.043726      46.245278 
432          NO_ID    -3.89844815      15.197898      34.791691 
433          NO_ID   -2.828692129       8.001499      23.316268 
434          NO_ID    1.635273551        2.67412       0.133025 
435          NO_ID    7.986760232      63.788339      35.841298 
436          NO_ID   -9.444020428      89.189522     130.965604 
437          NO_ID   -5.976490116      35.718434      63.624395 
438          NO_ID   -5.155439915      26.578561       51.20032 
439          NO_ID    4.439775904       19.71161       5.952506 
440          NO_ID    6.067796208      36.818151      16.546966 
441          NO_ID    6.961909466      48.468183      24.620546 
442          NO_ID   -8.584551503      73.694525     112.032731 
443          NO_ID   -5.276291005      27.839247      52.944411 
444          NO_ID   -5.156344574      26.587889      51.213268 
445          NO_ID    2.963244968       8.780821       0.927841 
446          NO_ID     7.56270008      57.194433      30.943632 
447          NO_ID    8.927783351      79.705316      47.994182 
448          NO_ID   -4.253356985      18.091046      39.104474 
449          NO_ID  0.05494322165       0.003019       3.783246 
450          NO_ID   0.9246404147        0.85496       1.156398 
451          NO_ID    5.092054855      25.929023       9.560803 
452          NO_ID    7.162339435      51.299106      26.649748 
453          NO_ID    8.753465097      76.623151      45.609291 
454          NO_ID   -9.762460766       95.30564     138.355483 
455          NO_ID   -7.599779217      57.756644      92.155761 
456          NO_ID   -7.274942229      52.924784      86.024553 
457          NO_ID   -6.975399813      48.656203      80.557802 
458          NO_ID   -3.798735791      14.430394      33.625337 
459          NO_ID   -2.035497591        4.14325      16.285241 
460          NO_ID   -6.308201773       39.79341      69.026217 
461          NO_ID   -2.831296703       8.016241      23.341428 
462          NO_ID   0.7829059245       0.612942       1.481318 
463          NO_ID    2.385773003       5.691913       0.148821 
464          NO_ID    9.813592937      96.306606      61.052235 
465          NO_ID   -8.196137416      67.176669     103.961218 
466          NO_ID   -2.005730612       4.022955      16.045878 
467          NO_ID    5.624025332      31.629661       13.13356 
468          NO_ID    7.174119101      51.467985      26.771508 
469          NO_ID    9.783883812      95.724382      60.588847 
470          NO_ID   -9.899853235      98.007094     141.606507 
471          NO_ID    1.208539992       1.460569       0.626409 
472          NO_ID    3.308399391      10.945507       1.711909 
473          NO_ID    8.249607477      68.056024      39.057594 
474          NO_ID    8.738897545       76.36833       45.41274 
475          NO_ID   -5.533259183      30.616957      56.749994 
476          NO_ID   -3.546872509      12.580305      30.767795 
477          NO_ID    5.726207809      32.789456      13.884625 
478          NO_ID    6.831731916      46.672561      23.345633 
479          NO_ID    7.722451732      59.636261      32.746454 
480          NO_ID    8.029627482      64.474918      36.356408 
481          NO_ID   -3.573383686      12.769071      31.062606 
482          NO_ID    -1.54307677       2.381086      12.553393 
483          NO_ID    1.745837113       3.047947       0.064599 
484          NO_ID    3.835909503      14.714202       3.370564 
485          NO_ID    4.738019861      22.448832       7.496753 
486          NO_ID    -9.99735821      99.947171     143.936604 
487          NO_ID   -3.890619191      15.136918      34.699394 
488          NO_ID    1.463598158        2.14212       0.287727 
489          NO_ID    2.546032775       6.482283       0.298152 
490          NO_ID    3.911813877      15.302288       3.655032 
491          NO_ID   -9.426904749      88.866533     130.574152 
492          NO_ID   -9.001244707      81.022406     121.027385 
493          NO_ID     -4.2940931      18.439236      39.615608 
494          NO_ID    3.826974264      14.645732       3.337835 
495          NO_ID    4.528233695        20.5049       6.391966 
496          NO_ID    5.291121721      27.995969      10.831482 
497          NO_ID   -4.013994948      16.112155      36.168135 
498          NO_ID  -0.9460762101        0.89506       8.679365 
499          NO_ID    1.681182371       2.826374       0.101645 
500          NO_ID    3.507010775      12.299125       2.271081 
