%eval_id interface             x1         banana         obj_fn 
1            NO_ID     -1.6901984    2.863510816      -0.110008 
2            NO_ID   -1.640872881     4.99226498      -0.104777 
3            NO_ID   -1.402776509    4.007981978     -0.0812497 
4            NO_ID   -1.149550036    4.653492561     -0.0593529 
5            NO_ID  -0.8441064366    3.322289238     -0.0371975 
6            NO_ID  -0.6843302793    4.026448579     -0.0274549 
7            NO_ID  -0.5933620616    2.520480061     -0.0224727 
8            NO_ID   0.2398209117      2.8754444     0.00416277 
9            NO_ID   0.7282602166    2.012878336      0.0038965 
10           NO_ID   0.8029755865    2.661392964     0.00282076 
11           NO_ID    1.179129701    2.087461708     -0.0067675 
12           NO_ID    1.591854453     3.64155392     -0.0253267 
13           NO_ID    1.779894341    2.486772623     -0.0365812 
14           NO_ID    1.838244806    2.144077894      -0.040434 
15           NO_ID    1.843004433    4.657789364     -0.0407556 
16           NO_ID    2.084236263    2.836898022     -0.0585328 
17           NO_ID    2.556793498     4.36308005      -0.101849 
18           NO_ID      2.6773067    3.043967004      -0.114709 
19           NO_ID    2.786642394    4.162847692       -0.12702 
20           NO_ID    2.826206595    4.095671595      -0.131625 
21           NO_ID   -1.640872881    4.657789364      -0.104777 
22           NO_ID  -0.8441064366    2.486772623     -0.0371975 
23           NO_ID    1.179129701    4.162847692     -0.0067675 
24           NO_ID    1.528037157    3.322289238     -0.0219056 
25           NO_ID    1.779894341    3.322289238     -0.0365812 
26           NO_ID    1.838244806    3.322289238      -0.040434 
27           NO_ID    2.084236263    2.520480061     -0.0585328 
28           NO_ID    2.786642394    3.043967004       -0.12702 
29           NO_ID    2.826206595    3.919823689      -0.131625 
30           NO_ID   -1.149550036    3.322289238     -0.0593529 
31           NO_ID   -1.041493707    2.661392964      -0.050984 
32           NO_ID  -0.5933620616    3.322289238     -0.0224727 
33           NO_ID   0.4117940862    4.653492561     0.00540669 
34           NO_ID   0.8029755865    2.087461708     0.00282076 
35           NO_ID    1.179129701    2.520480061     -0.0067675 
36           NO_ID    1.779894341    2.520480061     -0.0365812 
37           NO_ID    1.838244806    2.486772623      -0.040434 
38           NO_ID    1.838244806    2.520480061      -0.040434 
39           NO_ID   -1.829279298    2.486772623      -0.125423 
40           NO_ID  -0.6843302793      2.8754444     -0.0274549 
41           NO_ID  -0.5933620616    3.385032298     -0.0224727 
42           NO_ID   0.2398209117    4.026448579     0.00416277 
43           NO_ID   0.4117940862    2.087461708     0.00540669 
44           NO_ID    1.179129701     3.64155392     -0.0067675 
45           NO_ID    1.591854453    2.520480061     -0.0253267 
46           NO_ID    1.591854453    3.322289238     -0.0253267 
47           NO_ID   -1.070569574    2.520480061     -0.0531787 
48           NO_ID   0.4117940862    2.012878336     0.00540669 
49           NO_ID   0.4117940862    3.385032298     0.00540669 
50           NO_ID   0.5199018361    2.520480061     0.00544438 
51           NO_ID   0.8029755865      2.8754444     0.00282076 
52           NO_ID   0.8029755865    4.162847692     0.00282076 
53           NO_ID    1.528037157    4.026448579     -0.0219056 
54           NO_ID  -0.5933620616    4.162847692     -0.0224727 
55           NO_ID  -0.3620612269    4.026448579     -0.0116475 
56           NO_ID   0.4117940862      2.8754444     0.00540669 
57           NO_ID   0.8029755865    2.012878336     0.00282076 
58           NO_ID   0.8029755865     3.64155392     0.00282076 
59           NO_ID    1.179129701    4.049382411     -0.0067675 
60           NO_ID   0.2398209117    2.012878336     0.00416277 
61           NO_ID   0.4117940862    4.026448579     0.00540669 
62           NO_ID   0.4117940862    4.283095859     0.00540669 
63           NO_ID   0.8029755865    4.026448579     0.00282076 
64           NO_ID   0.8029755865    4.894145252     0.00282076 
65           NO_ID   -1.993834104    2.012878336      -0.144932 
66           NO_ID   0.4117940862    3.626710931     0.00540669 
67           NO_ID   0.8029755865    4.653492561     0.00282076 
68           NO_ID   0.4117940862    2.661392964     0.00540669 
69           NO_ID   0.4117940862    4.162847692     0.00540669 
70           NO_ID   0.4117940862    4.392167222     0.00540669 
71           NO_ID    1.921052459    4.653492561     -0.0461886 
72           NO_ID   0.4117940862    2.764651912     0.00540669 
73           NO_ID   0.4117940862    3.774239749     0.00540669 
74           NO_ID   0.4117940862    2.520480061     0.00540669 
75           NO_ID   0.4117940862    2.809050911     0.00540669 
76           NO_ID   0.4117940862    3.610548911     0.00540669 
77           NO_ID   0.5199018361    4.026448579     0.00544438 
78           NO_ID   0.5199018361    4.653492561     0.00544438 
79           NO_ID   -1.697595436    4.653492561      -0.110803 
80           NO_ID   0.2398209117    2.520480061     0.00416277 
81           NO_ID   0.4117940862    3.456721814     0.00540669 
82           NO_ID   0.5199018361      2.8754444     0.00544438 
83           NO_ID   0.4117940862    2.593247992     0.00540669 
84           NO_ID   0.5199018361    2.809050911     0.00544438 
85           NO_ID   0.5199018361    3.413373822     0.00544438 
86           NO_ID   0.5199018361    3.774239749     0.00544438 
87           NO_ID  -0.6611905339    2.593247992      -0.026148 
88           NO_ID   0.5199018361    4.451126636     0.00544438 
89           NO_ID   0.5199018361    3.116592662     0.00544438 
90           NO_ID   0.5199018361    3.398843055     0.00544438 
91           NO_ID   0.4117940862    4.236432365     0.00540669 
92           NO_ID   0.5199018361    2.012878336     0.00544438 
93           NO_ID   0.5199018361    3.610548911     0.00544438 
94           NO_ID    2.269946436      2.8754444     -0.0742104 
95           NO_ID   0.5199018361    2.770021981     0.00544438 
96           NO_ID   0.4117940862    2.354818888     0.00540669 
97           NO_ID   0.5199018361    4.038839334     0.00544438 
98           NO_ID  -0.4797631919    2.012878336     -0.0168261 
99           NO_ID   0.5199018361    3.385032298     0.00544438 
100          NO_ID    2.859831175    2.764651912      -0.135605 
101          NO_ID   0.4117940862    3.216869984     0.00540669 
102          NO_ID   0.4117940862    4.038839334     0.00540669 
103          NO_ID    2.660636929    4.653492561      -0.112886 
104          NO_ID   0.5199018361    3.193241172     0.00544438 
105          NO_ID   0.5199018361    3.585166083     0.00544438 
106          NO_ID   0.5199018361    3.573670269     0.00544438 
107          NO_ID   0.5199018361    4.361477608     0.00544438 
108          NO_ID   -1.617300217    2.809050911      -0.102319 
109          NO_ID    2.312992305    2.012878336     -0.0780939 
110          NO_ID     -1.4179971    3.116592662     -0.0826683 
111          NO_ID    2.832636437    3.585166083      -0.132381 
112          NO_ID   0.5199018361    3.763809843     0.00544438 
113          NO_ID   -1.441748119    3.398843055     -0.0849052 
114          NO_ID   0.5199018361    4.758694239     0.00544438 
115          NO_ID   0.2605480311    3.116592662     0.00438973 
116          NO_ID   0.5199018361     4.75324868     0.00544438 
117          NO_ID   -1.539376057    2.809050911      -0.094398 
118          NO_ID    1.244646596    3.585166083    -0.00915045 
119          NO_ID   -1.132211743    2.770021981     -0.0579709 
120          NO_ID    2.647639592    3.193241172      -0.111474 
121          NO_ID   0.5199018361    3.128498653     0.00544438 
122          NO_ID   0.5199018361    4.755832154     0.00544438 
123          NO_ID   0.5199018361     2.61224597     0.00544438 
124          NO_ID    2.449108445    3.116592662     -0.0909829 
125          NO_ID   -1.039159617    4.038839334     -0.0508096 
126          NO_ID    2.229273523    3.385032298       -0.07063 
127          NO_ID   -1.105971837     2.61224597     -0.0559077 
128          NO_ID    2.326827661    2.770021981     -0.0793632 
129          NO_ID   0.5199018361    2.113048339     0.00544438 
130          NO_ID    2.846308036      2.8754444      -0.133999 
131          NO_ID   -1.583174411    3.385032298     -0.0988127 
132          NO_ID     1.65137444     4.75324868     -0.0286987 
133          NO_ID    1.851522952     2.61224597     -0.0413339 
134          NO_ID    1.857637378    4.451126636     -0.0417513 
135          NO_ID    -1.94666344    3.763809843      -0.139198 
136          NO_ID  -0.4905991906    3.585166083     -0.0173369 
137          NO_ID  -0.3246712775     4.75324868     -0.0101459 
138          NO_ID   0.5199018361    4.114925672     0.00544438 
139          NO_ID   0.5199018361    2.350899958     0.00544438 
140          NO_ID   0.5199018361      3.6778735     0.00544438 
141          NO_ID   -1.779402176    2.770021981      -0.119782 
142          NO_ID  -0.7803841167    3.774239749     -0.0331602 
143          NO_ID  -0.7923841545    4.451126636     -0.0339049 
144          NO_ID   0.5199018361    2.373808606     0.00544438 
145          NO_ID   0.8115245061    3.573670269     0.00268074 
146          NO_ID    1.639023569    4.038839334     -0.0279839 
147          NO_ID    -1.72449241    4.755832154      -0.113718 
148          NO_ID   0.5199018361    3.405238534     0.00544438 
149          NO_ID   0.5199018361    4.090459764     0.00544438 
150          NO_ID   0.5199018361    4.630463885     0.00544438 
151          NO_ID   0.5199018361    2.369594563     0.00544438 
152          NO_ID   0.1911339984    3.413373822     0.00354629 
153          NO_ID   0.5199018361    3.759773809     0.00544438 
154          NO_ID    2.086017401    3.413373822     -0.0586749 
155          NO_ID   0.4711900635    2.369594563     0.00549888 
156          NO_ID   0.5199018361    3.642891487     0.00544438 
157          NO_ID   0.5199018361    4.203872952     0.00544438 
158          NO_ID   0.4711900635    3.642891487     0.00549888 
159          NO_ID   0.5199018361    2.836472189     0.00544438 
160          NO_ID     2.10462642    3.610548911     -0.0601692 
161          NO_ID  -0.4719551557    2.369594563     -0.0164614 
162          NO_ID   0.4711900635    2.012878336     0.00549888 
163          NO_ID   0.5199018361    3.553856585     0.00544438 
164          NO_ID   0.5199018361    2.991778305     0.00544438 
165          NO_ID    2.690883874    2.369594563      -0.116204 
166          NO_ID   0.5199018361    4.998639455     0.00544438 
167          NO_ID    2.425131187    2.369594563     -0.0886453 
168          NO_ID   0.1538331416    3.405238534     0.00299538 
169          NO_ID   0.4711900635    4.653492561     0.00549888 
170          NO_ID   0.5199018361    4.116491938     0.00544438 
171          NO_ID   0.4711900635    4.346887028     0.00549888 
172          NO_ID   0.5199018361    3.334546066     0.00544438 
173          NO_ID   0.4711900635    3.553856585     0.00549888 
174          NO_ID   0.5199018361    2.135281049     0.00544438 
175          NO_ID   0.5199018361    2.221460748     0.00544438 
176          NO_ID   0.2433648478    2.836472189     0.00420295 
177          NO_ID   0.4711900635    4.630463885     0.00549888 
178          NO_ID   0.5199018361    2.975954918     0.00544438 
179          NO_ID   0.4711900635    4.116491938     0.00549888 
180          NO_ID   0.5199018361    3.708526477     0.00544438 
181          NO_ID   0.5199018361    2.881788745     0.00544438 
182          NO_ID   0.5199018361    3.161285891     0.00544438 
183          NO_ID   0.4711900635    4.203872952     0.00549888 
184          NO_ID   0.9879479194    4.116491938    -0.00102268 
185          NO_ID  -0.9111301018    2.369594563     -0.0416616 
186          NO_ID   0.4711900635    2.975954918     0.00549888 
187          NO_ID   0.4711900635    3.708526477     0.00549888 
188          NO_ID   0.5199018361    3.723060791     0.00544438 
189          NO_ID  -0.9063368523    4.346887028     -0.0413349 
190          NO_ID  -0.2210056126    3.723060791    -0.00634203 
191          NO_ID   0.4711900635    2.135281049     0.00549888 
192          NO_ID   0.4711900635    3.161285891     0.00549888 
193          NO_ID   0.4711900635    3.723060791     0.00549888 
194          NO_ID   -1.879216957    2.975954918      -0.131198 
195          NO_ID   0.4711900635    2.881788745     0.00549888 
196          NO_ID    1.866865485    3.161285891     -0.0423847 
197          NO_ID  0.06663244733    2.881788745     0.00144044 
198          NO_ID    1.470987027    2.221460748     -0.0190186 
199          NO_ID   0.5199018361    4.227501439     0.00544438 
200          NO_ID    2.484791006    4.653492561     -0.0945202 
