4.87293569132	8.11798297247	144.946854734	219.545550164	201.863646423
5.2469226137	7.13372657408	145.971693872	232.46035825	205.662161142
4.67838187454	8.79680333137	146.438999199	215.199844884	201.625212131
4.64960878931	8.97646445268	147.66676444	215.584422144	203.220146697
4.765447399	8.7232371274	148.813248214	220.157211749	207.450103841
5.63847789338	6.24512811482	149.042511013	248.921384822	207.918787632
4.96574695453	8.19843368987	149.529990877	226.997401997	211.703811063
5.8847129838	5.58944145478	150.046062495	258.838935117	202.697130738
5.21326475554	7.6285102999	151.327599066	236.710210763	217.114044254
4.9048515013	8.51541727247	151.424666502	227.003746179	214.529133505
4.57778816325	9.51378061879	151.838181114	217.673850621	208.78203886
5.82024439043	5.96408156956	152.374814927	258.797035017	211.570267144
5.79536382379	6.08139228359	152.946423512	258.46071417	213.891264338
4.61282809945	9.51378061879	153.221256353	220.068639984	211.9904476
4.98289572307	8.46457805879	153.761130558	231.764519283	220.088590904
4.41593134516	10.2080956056	154.300374638	215.562843985	208.457714709
4.44220723791	10.1603465575	154.7536644	216.747356714	209.959132762
5.46906130177	7.17867700717	155.057331368	249.024351623	224.85296258
6.09007315994	5.60763216839	158.389760003	274.908261951	217.797633245
4.12252448691	11.5172008851	158.430428929	211.822449984	204.975544051
4.57712500104	10.0651067635	158.993193194	224.809789488	220.817022835
4.69877778771	9.72356859116	159.416410636	228.778103931	224.814394118
4.41593134516	10.6180072812	159.5356541	220.798123447	216.828448529
4.57045696423	10.2222914203	160.77966112	226.40463153	223.612523992
4.51371000824	10.4621292979	161.573673468	225.579156561	223.211213298
4.38653390593	10.8922867248	161.818307395	222.267827008	219.477833334
6.23250393022	5.48902076925	162.612310993	284.644666651	223.279378242
4.98289572307	9.20337682087	163.832847785	241.83623651	239.298193247
4.92110005343	9.40865247948	164.1538299	240.234488363	238.605491961
5.26106642338	8.45443400017	164.582538872	251.538116166	245.053396391
5.46906130177	7.90601862963	165.17171899	259.138739245	247.635004237
4.81419726499	9.80496833557	165.20351147	238.01461886	237.970200813
5.11651478946	8.92490463747	165.36132155	247.604207263	244.6699707
3.86292608169	13.0742533845	165.446372769	212.325840106	204.304678168
5.45003054452	8.01873106883	166.004320279	259.318522022	249.420496227
5.12414662406	8.99406214663	166.635517511	249.123934505	247.301982941
5.6092671657	7.63359980082	166.931649213	265.778337619	251.518686976
5.25725312776	8.64197171696	167.068313761	253.897883464	250.126228521
4.51401791746	10.9009668841	167.318656883	231.332872726	232.605615671
4.13297401934	12.2061121521	167.324288979	220.987322978	218.339003804
5.62382096221	7.63359980082	167.517156322	266.877445109	252.825560231
4.31309483215	11.5909207387	167.577916789	226.020295862	225.800327873
4.04318785483	12.5756857789	167.78981144	219.146582747	215.282206191
6.73407347721	4.31898733802	169.24757356	311.711717983	205.100278628
4.23759443883	11.9962301627	169.374520642	225.788749064	225.586022865
4.93108026913	9.82153959098	170.249642204	246.639203685	250.087700807
5.44558716726	8.34274032542	170.440340567	263.602447317	259.075754928
6.40342125036	5.58944145478	170.988863421	299.806111924	240.005489625
4.8747427924	10.1128559979	171.926835764	246.580870475	251.655167565
6.5089473438	5.3791252083	172.667105734	305.765062673	238.650191781
5.80036525885	7.50310831121	172.815925302	278.512413524	264.350733082
5.79536382379	7.51979424968	172.851761689	278.366052346	264.481918716
6.60219053114	5.10115590184	173.051736644	309.990366895	232.848433966
6.73210929461	4.74389052239	174.180073831	316.561122997	225.146703235
4.21181942067	12.495536363	174.478431534	230.208471983	232.125582313
4.18521067322	12.6314028318	174.959543746	229.987644158	231.694034461
5.35566861525	8.92848730503	175.178320362	265.289207775	268.184638104
6.36510983872	6.02224202176	175.220755328	302.501198121	255.504543712
4.28897704198	12.2821531968	175.292600969	233.083215917	236.597728709
6.52145679412	5.54480742921	175.376055575	308.986102148	246.947326285
5.10765156481	9.70846182187	176.027431984	257.985629451	265.229343699
4.14470408305	12.934058445	176.849745398	230.817820791	232.675413768
6.73210929461	4.9921337259	177.256272643	319.637321808	236.928412489
6.0368687967	7.19283763654	178.093625997	292.585152809	274.50632104
4.89396405169	10.5054536883	178.186016679	253.429938337	263.490511438
5.33356274727	9.21437782665	178.394395046	267.762940648	274.491848332
5.93521074668	7.52838057816	178.752214203	289.420239723	277.71700465
3.70705343024	14.9501174665	179.382566729	222.555103088	215.144829964
4.43628349548	12.1014703494	179.633869134	241.462332863	249.405106852
6.55929178305	5.76394109324	179.936442912	315.101295035	259.694081837
5.14507072286	9.89178527607	180.223023044	263.38648699	274.211709389
4.23559371579	12.8789283209	180.403620478	236.764591042	241.956299994
4.65236929928	11.4810779558	181.059457068	249.057785226	260.231368817
5.96788646931	7.61861200799	181.444995033	293.334918835	284.148639018
5.62382096221	8.59317221148	181.4453204	280.805609187	284.606690843
5.89201402193	7.83399950146	181.445755955	290.508750042	284.799813768
6.90395213054	4.72459681552	181.448916277	331.191532166	235.824495394
7.15209630185	3.772909345	181.689578061	342.389838189	202.102504393
4.15417534958	13.3157306878	182.040496879	236.255504279	240.637479261
5.44330025345	9.18639964852	182.600366983	275.684241959	285.035225455
5.45003054452	9.20337682087	183.134964934	276.449166677	286.268587127
4.80383340027	11.2135345727	184.106326504	256.604280037	270.986102797
5.11766549438	10.248764367	184.176611811	266.456494558	281.089043471
4.20228815833	13.3230410858	184.431056832	239.909150766	246.378974945
4.2732645172	13.0876039123	184.827739201	242.195701764	250.269723759
7.06653320094	4.40229097586	184.830314517	341.708544341	230.207871821
5.77003797319	8.44382361902	185.385913127	289.980019868	294.391396302
7.26787063632	3.62040650268	185.394245647	351.339275566	200.262821802
6.23250393022	7.13372657408	185.477543245	307.509898903	290.181819484
4.38653390593	12.726856355	185.510244846	245.959764459	256.444117614
6.90248066415	5.10115590184	186.118141293	335.796933523	254.511618122
5.04878266018	10.6048928157	186.296043202	266.375888209	283.079391
6.20722400779	7.26892586205	186.39822281	307.442624996	293.287595168
4.765447399	11.5260844731	186.725089689	258.069053223	274.105516784
4.44009370843	12.6314028318	186.763457381	248.698172561	260.774112236
3.94672995617	14.5533746921	186.965263279	235.900838399	237.392586834
5.59481517672	9.05360503544	187.064997457	285.402995177	296.771130443
4.23578194074	13.4311334479	187.406888353	243.772868262	252.35299936
4.83784639968	11.4542835166	188.979298945	262.507514067	280.73767416
7.19510314855	4.26794386668	189.098867553	351.737577707	231.377628496
6.53348044797	6.5567789723	189.988980339	324.092156573	293.094962017
4.22904809668	13.7001701974	190.494487073	246.681393545	256.590060509
3.61262425017	16.5059528856	191.766987859	232.768083142	225.587382333
3.36353006464	17.8492332519	191.929580613	227.471469152	211.465152918
3.64621432202	16.4543554543	193.055574548	234.822668374	229.083536038
3.41066961336	17.7077656135	193.224953182	229.770055035	215.710699313
6.87354261841	5.73126714944	193.253698214	341.680090789	283.557102624
6.40342125036	7.17867700717	193.517453239	322.334701742	308.245806652
5.44287696269	9.9296420952	193.624741795	286.694140255	308.048605574
7.15209630185	4.80855223015	193.643779685	354.344039813	257.578531408
3.13683554211	19.4370439739	194.023809678	224.936255836	200.282191771
7.41865748419	3.7970969378	194.233953547	367.136151237	218.84213513
4.80466952771	11.941509122	194.29173261	266.814925488	288.678789768
5.99249427486	8.44727999924	194.979795388	307.79434873	317.65870669
7.06132431843	5.28216951773	195.624954848	352.271993769	275.812071344
6.35959919373	7.44977952328	195.698676157	322.75882622	315.523368053
5.5332091849	9.81257489408	195.822665403	292.006934924	314.605116102
6.10728784749	8.18468764805	195.936610733	313.114764699	319.688863128
4.765447399	12.1924064272	195.980870385	267.32483392	289.951533181
4.57045696423	12.8614510469	195.985037935	261.610008345	281.344114793
6.40846685339	7.38869488583	196.911945207	325.932277888	317.763957416
4.43215087728	13.4311334479	196.934624588	258.647949406	276.293300383
5.5332091849	9.88664666651	196.945251656	293.129521177	316.979962543
5.11966150027	11.1575370241	197.446756192	279.790833505	306.252363777
5.09917117427	11.2231078517	197.475704802	279.161972785	305.591265192
3.70705343024	16.5751580506	197.804036582	240.976572941	238.530537864
4.74831889139	12.385711983	197.873365416	268.705385636	292.435000539
4.21501883036	14.3662620123	198.255136467	254.069877106	267.283062725
4.0306397034	15.2056088462	199.19267744	250.231168935	258.690445923
5.72635988972	9.4936541419	199.453180057	302.469765497	326.001277683
5.46906130177	10.2404215793	199.466671268	293.433691523	320.753967323
4.20228815833	14.5778834515	200.29206832	255.770162253	269.584395825
4.073057754	15.1402749844	200.621299592	252.739691723	263.028929537
3.73102761979	16.7096001733	200.682469904	244.415221238	243.585596423
6.12258639006	8.46457805879	200.940329918	318.706273518	332.279674091
6.90395213054	6.25108593435	202.003517162	351.746133052	312.017986654
4.39953627735	13.9889901569	202.686228934	263.494643299	283.549436673
6.87568649038	6.42942426094	203.33567556	351.854671564	318.297212039
7.05876557019	5.8714752206	203.607339975	360.140873923	306.360921923
7.14870500246	5.59036540128	203.80991855	364.357816778	299.173805168
6.95334661144	6.23862164386	204.067958063	355.960912688	315.867558091
4.80383340027	12.6723700541	204.527604445	277.025557977	306.240298445
6.40342125036	7.90601862963	204.668432854	333.485681357	339.477188828
4.98289572307	12.1014703494	204.870038777	282.873427502	314.651898603
4.04310919067	15.6579541488	205.407526113	256.762299047	268.036893308
7.72457195806	3.46097706978	205.411349226	392.867078768	216.259993849
6.00373741053	9.10195062361	205.657663489	318.895939958	343.563067042
7.08241934287	5.94634956026	205.761770367	363.346143098	312.350588497
5.96741750183	9.21437782665	205.805294583	317.677634044	343.611334717
4.64960878931	13.3078462413	205.913343054	273.831000758	301.279248599
3.94672995617	16.152178336	206.163097922	255.098673042	263.47204544
7.79576563174	3.18333632461	206.231506985	397.158538859	202.594985304
5.43160335414	10.8057839846	206.372353479	299.056609537	333.842016578
5.11853426002	11.7689918688	206.373331821	288.681152307	322.893356681
6.55377171308	7.65670832603	207.51003328	342.44748113	344.392226816
7.7251243441	3.70918980041	207.97387268	395.456413192	231.802775674
4.9048515013	12.5745731837	207.980709828	283.559789504	316.791556184
7.49931983068	4.66370668479	208.061196467	384.743732461	274.665174733
5.53576813803	10.6317764011	208.461095013	304.734350127	341.185240595
7.06204633557	6.25108593435	209.242514293	365.921589026	326.471453424
4.75635241007	13.1745820274	209.298009595	280.369909121	312.114190048
4.48240938805	14.1926106038	209.589735487	272.710595988	298.616598026
5.19705975205	11.7584984525	209.897299385	294.749926459	332.579828047
6.23250393022	8.7232371274	209.916263109	331.948618767	354.839058539
4.13025716046	15.6579541488	210.120589395	263.713094536	279.716329403
5.80189175708	9.99763039406	210.691196817	316.443325237	352.423564441
4.74831889139	13.3157306878	210.885876178	281.717896398	314.393368441
5.37359620695	11.2931663689	211.129415825	301.844588204	341.487177955
4.46398704521	14.3829456411	211.198479026	273.801562388	300.138914988
7.90587520129	3.20991370976	211.926190684	408.284724965	210.09798374
4.10924795275	15.9088919013	212.117753786	265.16643204	281.315229283
4.83328586204	13.125848413	212.388339806	285.777993217	321.100488584
6.12258639006	9.20337682087	212.617713794	330.383657394	361.281451873
3.61262425017	18.3998910237	212.814614568	253.815709851	251.47189502
5.91310170289	9.81257489408	212.822328278	322.667398338	359.287658904
7.92613125775	3.28837686371	213.677657794	411.043682042	216.337955941
4.75699451508	13.4976722642	213.877267093	284.96835725	319.854745281
5.58549122214	10.8715209229	214.471029637	312.48153307	355.174412913
7.19510314855	6.23764789022	215.247090558	377.885800712	338.161002421
5.17134345843	12.208216997	215.398230125	299.413192669	341.890964575
3.43956225246	19.6508879492	215.569854105	252.736743988	243.454129506
7.27923237126	6.03928973248	216.297000142	382.761273527	335.108659026
6.56553074092	8.21026143069	216.835064585	352.257166696	370.616953944
5.71725311955	10.6340998833	216.85675463	319.545941023	364.002355013
3.6120188905	18.7835609069	217.051403219	258.038758723	256.629496171
4.01383862086	16.7418619882	217.094838238	267.708724811	282.45690123
4.9048515013	13.2348537041	217.490868509	293.069948185	333.426020871
7.93979306144	3.62991396507	217.762859629	415.809846526	239.631174493
4.31192789893	15.5004825701	217.947500125	276.358259616	301.798319801
5.96747447549	10.0122766895	218.514646328	330.389121992	373.372734949
7.95729933677	3.62040650268	218.542551012	417.463839616	240.058642261
6.82797882093	7.56471854056	218.593614342	365.05873152	369.322462488
4.03424512317	16.8103740443	219.103249774	270.233090285	286.503914608
6.91589065684	7.35489312902	219.34927997	369.610222697	368.384391741
4.81419726499	13.7001701974	219.625289394	292.436396784	332.508187835
6.52145679412	8.50854684995	219.634880587	353.24492716	378.942446963
5.93427590837	10.1780564106	219.647153638	330.280319887	375.343535652
4.75699451508	13.9418714465	220.149229455	291.240319612	330.380946653
3.97562981303	17.1942918455	220.419236672	270.074095338	284.593377146
7.30737396391	6.23764789022	220.559663591	388.313530393	348.796517776
4.77283436562	13.9241384407	220.707549019	292.272865933	332.161793421
4.36350649426	15.5192135347	220.992273695	280.808791346	309.435103443
6.85869396052	7.63359980082	221.12272614	368.908531375	376.045897803
5.72635988972	10.8786892569	221.16378907	324.180374511	373.561807104
6.17503199548	9.60815146082	221.56804341	341.360176172	383.660318464
7.76988841955	4.71700280193	221.876148362	411.53776012	298.211451361
5.48752246214	11.6613794079	222.183538469	316.786012598	367.731781247
6.82797882093	7.79020545436	222.207797129	368.672914308	380.331118239
8.09617787511	3.28837686371	222.263010319	428.188427752	225.720126112
7.52398274724	5.65979473556	222.546792253	400.393346312	335.5249968
6.72198208828	8.13580130606	222.865902573	364.818902327	384.967133599
5.84226286776	10.6656794952	223.20223663	330.431188345	381.223210532
5.48752246214	11.74384615	223.47073825	318.073212379	370.332300525
7.61351856758	5.42631509967	223.623394994	405.727902252	329.38547915
6.72198208828	8.18468764805	223.662732872	365.615732626	387.28032123
4.11996812286	16.7898850035	223.762893615	277.088718762	298.444823981
4.9048515013	13.7004471634	224.231961645	299.811041322	345.155729257
7.09704773831	7.13372657408	224.358524448	382.594535286	376.270811829
5.77003797319	11.0047459095	225.241834983	329.835941723	383.677189436
7.17973040751	6.94363921273	225.290047977	387.234527121	374.828011891
4.80383340027	14.1673097732	225.765535636	298.263489169	342.366988542
5.85510720306	10.7874639476	225.772833117	333.473793242	387.273408156
7.49632832012	6.03928973248	226.706133645	403.247738924	355.395301372
6.56553074092	8.86718498024	227.5747979	362.996900012	400.270943279
3.68570855059	19.404735835	228.704413782	271.381214314	276.044013533
7.95729933677	4.54401196192	229.07041406	427.991702664	301.300238299
7.53876690173	6.08139228359	229.397894481	407.944049864	361.93640387
6.6477034365	8.8080005575	230.460615558	369.29375552	407.614124727
6.03296961451	10.6180072812	231.460205451	345.803881062	404.700660064
5.65439198429	11.74384615	231.536670543	331.980138057	393.197543083
4.73763660283	14.835295265	231.790383226	302.304060478	348.697074084
5.62293747702	11.8717279899	232.047740173	331.376813013	393.06924475
6.44752766306	9.47499528968	232.140950524	362.738882822	412.471597792
6.6113132828	9.05360503544	232.844457877	370.161786746	414.405620033
7.62268922647	6.03928973248	232.891744826	415.435214461	367.477633967
7.571700773	6.21998862653	233.088959762	413.198516782	373.426465399
5.21979698223	13.2348537041	233.301175952	318.897890721	377.619999171
7.79576563174	5.48902076925	233.506243577	424.43327545	349.334147788
8.27589016327	3.53266544805	233.95206532	449.120870838	253.373134916
4.07435763817	17.8234174837	234.024168028	286.175831813	309.840292038
4.76468693687	14.891265796	234.035142226	305.356337677	354.020959447
3.77876382963	19.3695800469	234.277660076	279.136637757	289.633186341
4.70992855947	15.1402749844	234.615464894	304.3067563	351.715105299
5.93427590837	11.1127133347	234.86432562	345.497491868	409.811553941
4.51154680201	15.9904252253	235.487277208	299.431425443	340.831373649
4.32843695596	16.7832414791	235.689379428	294.54826913	329.28098635
4.36087084672	16.7898850035	237.654899139	297.399177803	334.366522796
5.80484178653	11.6755542959	237.784514767	343.644211965	411.990214127
6.59233141532	9.4099366895	237.949784843	374.479736867	428.246068255
5.64229043463	12.2061121521	238.360388736	338.374377401	406.927320807
5.45003054452	12.8104269564	238.36185471	331.676056453	398.464921809
7.5369532162	6.67636185264	238.407933519	416.868189543	397.155081843
5.04878266018	14.1910419772	238.908009854	318.987854861	378.805480674
6.46343876443	9.91242574989	240.28546776	371.528770199	433.646496864
5.85145525907	11.6912802736	240.335137964	347.90178963	419.197290905
7.21036282704	7.78698406545	240.395976749	403.725280532	423.947561992
4.23222842823	17.5839002978	240.471032429	296.742478106	329.823830131
7.35103979583	7.41966205995	241.206755856	410.971467621	419.865597
7.79576563174	6.02224202176	241.260978998	432.188010871	383.269598145
4.36087084672	17.065648696	241.313425187	301.057703851	339.858290425
4.95311538454	14.7053449763	241.456551911	318.530350362	377.798931615
7.19510314855	7.93186711517	242.068545606	404.70725576	430.009545576
5.43432224329	13.1288211761	242.583388166	335.360457072	406.017848969
3.86292608169	19.6558497845	243.101210466	289.980677804	307.151922655
4.89396405169	15.0624773442	243.500363794	318.744285453	377.786621758
8.24568251066	4.54401196192	243.887589376	457.488495341	323.535023928
4.44009370843	16.987530746	244.918828498	306.853543677	350.705959453
8.59781600935	2.99558833381	245.926189135	478.160383985	231.892681601
5.79536382379	12.2061121521	246.009414438	351.523705096	429.306421805
8.58815370527	3.07571574257	246.124118082	477.836632418	237.560609364
5.44330025345	13.331479455	246.247832638	339.331707614	413.648588947
5.42948320761	13.3784829049	246.276490002	338.888404307	413.002304108
4.31354083787	17.7210948606	247.157348741	305.611815183	345.292381613
7.17973040751	8.28282650015	247.244513466	409.188992611	447.119341136
8.27589016327	4.69988451558	247.445183566	462.613989084	337.089512429
6.5280520667	10.1603465575	247.675973738	381.556401696	453.423848438
8.29134180597	4.66370668479	247.793896436	463.766921238	335.744946501
8.1302347398	5.32596808175	248.251694548	455.913221234	368.66622098
4.44220723791	17.2267375315	248.273985971	310.267678285	355.983022033
4.74831889139	15.9735086635	248.58636761	319.41838783	377.14529621
4.29201001501	17.9480677554	248.830666128	306.70304386	346.232452232
4.69610518529	16.2214717531	249.146328882	318.429140597	374.623057733
4.13025716046	18.780744457	249.514601452	303.107106592	335.502381285
8.65818810587	3.04196431443	249.619640688	485.126687533	238.801344099
4.63886397641	16.4969447053	249.741090438	317.345208079	371.753796853
6.56553074092	10.1771206922	249.807303847	385.229405959	459.402359193
6.69843238625	9.84353465486	250.556856577	391.516966145	462.515241163
5.28272237409	14.1609280529	250.83770725	338.510622523	413.843281787
6.12092722492	11.5267181078	250.965435428	368.667560681	452.239739491
6.05613313897	11.7376954908	251.2933972	366.516801149	450.819076326
7.72457195806	6.90263812752	251.394267844	438.849997386	431.313021987
8.49074548971	4.10089221974	251.519225154	478.005307115	309.598337131
7.12825668842	8.67962206187	251.520382891	411.151125201	461.844837568
6.97693074913	9.11692051641	251.631539261	404.556612565	464.735246094
7.38768356265	7.9676829595	252.181330494	423.642760977	455.383439289
5.85145525907	12.426882243	252.500157759	360.066809424	445.572704507
7.22033571322	8.48614016012	252.741650348	416.523078681	463.290718819
5.709674063	12.934058445	253.604520691	356.021628424	441.556285729
4.62212985597	16.8447135747	253.640815034	320.758065652	376.856954197
6.21342508412	11.4131644328	253.66076576	374.947137788	461.420435806
7.27923237126	8.37499495986	253.754325109	420.218598494	464.712483532
5.85510720306	12.5310025609	254.420227342	362.121187467	449.867002379
4.11996812286	19.311477225	255.578552454	308.904377601	343.26681928
8.49890298606	4.41139864941	255.668939553	482.59042425	333.680377037
7.22033571322	8.65967764922	255.752438045	419.533866378	472.764791431
7.99565585237	6.31675937507	255.958463777	456.802092217	422.893624291
4.35559722332	18.1997290432	256.068703064	315.668570976	361.567149005
7.5715424761	7.66094531289	256.210873252	436.312899472	459.91725787
4.90755758477	15.911729576	256.722877502	332.38537651	401.307074424
8.23280885733	5.54480742921	256.725490011	469.659943583	393.560180035
7.61351856758	7.58068818952	256.980004092	439.08451135	460.159162476
6.40846685339	11.0539189312	257.241291046	386.261623727	475.393432643
8.1134674829	6.02224202176	257.549204103	464.3550793	415.145010653
4.67796318917	16.9184396215	257.967182255	326.715721176	387.7060016
8.68219596738	3.772909345	258.208605481	495.02351475	297.827061405
7.95729933677	6.60879387828	258.58113748	457.502426083	438.209931461
6.84760202973	9.88581049716	258.702672841	406.010863987	485.420287449
4.71171631697	16.8348782122	258.770759211	328.514966398	391.378411333
7.78214625911	7.17551230787	258.794331934	449.054839153	455.072203751
8.58167077814	4.33326537923	259.185092934	490.547914326	334.185501326
7.93979306144	6.73368348122	259.680449066	457.727435964	444.528574726
8.27589016327	5.60763216839	259.911411199	475.080216717	402.195838484
8.88670955733	2.8354199337	260.425473075	508.528375889	234.491972082
4.47761255059	17.9707269082	260.51992037	323.505755946	377.300416737
7.78978906935	7.3098405764	261.424414823	452.058813497	464.50235423
4.46529206562	18.1040690924	261.577078337	324.216770337	378.011103968
8.7538850162	3.73051406058	261.690715275	502.432540154	299.36358756
8.67644391892	4.15793071695	262.255484812	498.756713161	327.78524065
5.20213803984	15.2056088462	262.64616501	347.664699967	430.919529078
4.15507574294	19.6871281134	262.648326833	316.886838355	355.933508342
4.765447399	16.8885875572	262.713438665	334.057402199	401.632924945
4.71041713595	17.1299962593	262.902552134	332.608302907	398.019749993
7.21036282704	9.11692051641	263.297561004	426.626864786	496.353426863
7.17036695553	9.24398103228	263.534821086	425.057175586	497.703193762
6.08539713364	12.3694440221	263.545635651	379.885277872	479.685564004
6.84760202973	10.1603465575	263.57910761	410.887298755	498.900757597
6.1692015576	12.1245566439	263.657246834	383.223271989	483.228348225
4.19189268918	19.7098124212	265.368320115	320.572274125	362.686526145
8.83938467076	3.70918980041	266.202833206	511.670299813	303.495141158
9.05682831959	2.3731490515	266.392336182	524.085052528	203.847741792
8.29134180597	5.99120044428	266.455864498	482.4288893	431.312560715
6.52145679412	11.3033776224	267.359974841	400.970021414	503.414936854
8.67644391892	4.58575737876	267.501972973	504.003201322	361.512417663
8.92096964592	3.43797855239	267.943422333	517.962987787	286.52063457
8.15624829296	6.56561545402	268.292399868	477.28492289	457.388179643
8.23619448963	6.31675937507	268.570057732	481.679680196	448.720735205
5.50100587565	14.5613692303	269.007132356	364.075073873	461.439799463
4.57712500104	18.1443763236	269.07984096	334.896437253	398.067030495
4.65236929928	17.8299926025	269.32579629	337.324124449	404.136562683
4.2837936358	19.6694062649	270.914752381	328.565767038	377.987076295
8.27589016327	6.34346994867	271.106058421	486.274863938	454.972283897
4.9068873026	16.8885875572	271.111083782	346.752915988	425.827902069
6.56553074092	11.4095401817	271.518042988	406.9401451	515.034638512
7.47366386814	8.86718498024	272.280485627	447.756190399	518.65851125
8.39946362581	6.01475587395	272.609619391	494.252088769	444.37511487
6.63776582416	11.2780841772	272.893743484	411.312112026	520.364670696
6.34521630888	12.1558183302	273.341075716	399.827156589	512.51394013
7.64467749169	8.44382361902	273.555048865	457.153160293	516.756689893
7.91155577074	7.67821944676	274.021892719	470.662705431	503.283770732
5.82024439043	13.8517658943	274.727265495	381.149485586	491.378559546
8.72199142292	4.94520261183	274.732097437	513.722897545	393.952642966
4.74831889139	17.799113904	274.800089107	345.632109326	420.249065315
8.20652543949	6.80929416176	274.925672197	486.502700471	480.230074463
8.3064555462	6.48096962202	274.933361323	491.694469714	468.274052906
8.16636672624	6.94363921273	275.008238031	484.519624268	484.923825663
5.44330025345	15.1402749844	275.13287917	368.216754146	469.77182125
6.91589065684	10.6180072812	275.316594168	425.577536896	531.823927983
8.1974414262	6.86534794367	275.365982032	486.47486948	483.111988777
8.89497548756	4.28353008082	275.885179645	524.449840557	354.911400682
6.71412321586	11.238436639	276.135133871	417.756404571	530.533892497
8.63207769051	5.44716277413	276.800232947	510.88898887	425.03985237
5.27424811166	15.8740615639	277.16412641	364.555986828	462.421257491
5.14405261965	16.3940851094	277.672925142	360.803479681	454.283128768
7.54948104152	8.96527919404	277.980502376	457.034520081	535.089753179
8.67644391892	5.41745492509	278.816650334	515.317878683	427.078248104
8.84212973474	4.80140824094	279.496205153	525.116154892	393.107216939
4.60995026147	18.7800118042	280.057595465	346.821596005	417.942906083
7.67037792488	8.75127360632	280.418858879	465.253512355	539.179541498
6.7243904512	11.4557422099	280.617931661	422.672667951	542.447479543
4.81802274232	17.9091169117	280.715411471	353.642279762	435.351936742
7.5538152864	9.12096778356	281.041879817	460.301550527	545.007227145
8.43795472683	6.42942426094	281.212041225	504.890547808	479.374672291
8.14638827841	7.41966205995	282.001357585	490.488887703	515.635672396
7.99565585237	7.90601862963	282.448144874	483.291773314	529.29115603
8.37585645187	6.71806872204	282.533569252	502.931911707	493.550403614
5.64229043463	14.9245144403	282.822871832	382.836860497	497.553406022
8.90000030813	4.81597893164	282.942137959	531.78770928	399.478342906
7.71919656439	8.75127360632	282.98534411	470.180270143	546.064671809
8.1302347398	7.53391750508	283.112683588	490.774210275	521.501603678
5.03756732914	17.1814552775	283.36003877	363.084501306	456.594095856
7.81835424147	8.48614016012	283.414138537	475.449214097	543.212188956
7.66757416896	8.92490463747	283.431074352	468.130627173	549.475298502
7.40549417557	9.686172488	283.665013781	455.954177155	556.274184753
8.60310729062	6.01475587395	283.712041007	516.232167671	466.183932555
7.12053827807	10.5054536883	283.900053336	443.185289422	557.787890314
7.09704773831	10.6340998833	285.051243876	443.287254713	560.899181461
4.44220723791	19.9399318453	285.095667403	347.089359717	412.049999859
4.64960878931	18.9601577441	285.160542407	353.078200112	429.243167893
5.85830104344	14.37991983	285.773379781	393.591869263	516.807078314
8.55435280528	6.34031825063	286.153275125	516.04544968	485.863183336
9.2314692164	3.51084000594	286.43460084	554.161201842	313.315087151
7.81835424147	8.65967764922	286.563511688	478.598587249	554.320617234
6.81096407902	11.5926476808	287.694862365	433.430931835	563.155635916
9.39611579263	2.59563429402	287.750173254	565.111938693	239.976570074
6.77588575835	11.740963539	288.565767706	432.804541942	564.500729736
5.50100587565	15.7757452483	288.734904232	383.802845749	499.922542216
4.9068873026	18.0869515697	288.896783684	364.538615891	456.043385254
8.624184429	6.31675937507	289.633795264	523.29464054	491.993111662
7.68599888202	9.21437782665	289.734542344	475.322805162	570.026791263
4.6427162898	19.3463442472	290.188087693	357.904534725	436.688565159
4.61282809945	19.5107968894	290.53792061	357.38530424	434.748574868
5.46906130177	16.0073112864	290.640061194	384.607081449	501.386447962
7.28885259353	10.3942820758	290.702712607	457.607274596	578.284365681
7.26787063632	10.4645351276	290.907131137	456.852161056	578.845864946
5.31758501908	16.5920302629	291.068560926	379.902466696	491.311617638
8.89651532234	5.49376305449	292.239099267	540.889827114	455.342727373
6.97693074913	11.3886321482	292.742343216	445.66741652	580.535802034
8.4439389447	7.13372657408	293.233155166	517.229040926	532.641800909
6.49826045451	12.8104269564	293.246498925	425.907753782	566.482438432
9.42492441247	3.07002480285	293.496837838	572.562000551	285.578990379
7.91155577074	8.79680333137	294.062249485	490.703062197	576.603518784
9.33200318801	3.74521391641	294.800392611	568.390021086	341.550561317
9.48225212259	2.8354199337	294.828594804	577.298945928	266.974021418
7.78214625911	9.21437782665	294.870172956	485.130680175	584.377399669
7.12825668842	11.0758676152	294.962312767	454.593055077	589.34965638
5.86741498013	14.891265796	295.030013729	403.184237156	536.851095999
6.34561034215	13.3784829049	295.184564461	421.686355207	564.134014979
5.32145113466	16.8541619167	295.475849381	384.438974335	499.799637529
4.71041713595	19.4708609858	296.445696698	366.15144747	452.410327732
4.78093124217	19.1682275567	296.721862048	368.530198937	458.812847323
7.94468799976	8.86718498024	297.153363065	495.44461996	586.095084951
7.49632832012	10.1603465575	297.358391953	473.899997232	597.907963815
5.10765156481	17.8234174837	297.509109717	379.467307183	486.925056555
6.23250393022	13.8661145577	297.662993517	419.695349175	564.038207764
4.81419726499	19.0837607622	297.66977524	370.48088263	463.169918087
7.12607157283	11.238436639	297.91263472	457.445524728	597.633425395
5.85145525907	15.1192844357	298.025291413	405.591943079	542.110267443
5.2469226137	17.3376554425	298.589035909	385.077700286	499.836887552
5.0983626652	17.9322622521	298.603624113	380.263990298	488.11836734
6.46747879519	13.331479455	301.063537784	432.470961121	583.951788155
5.85510720306	15.2954977822	301.260413676	408.961373801	549.113265578
7.99565585237	8.94090461961	301.293333246	502.136961686	598.574575113
8.10013627545	8.63931100287	301.365464301	507.492293937	593.597929087
8.82603611277	6.34346994867	301.377859404	546.104513665	517.47205898
9.3398747497	4.27562714753	301.402242105	575.453611938	390.580492225
8.23932756122	8.23371240321	301.509097737	514.780886041	585.33952287
8.83938467076	6.31675937507	301.70288412	547.170350728	516.852973656
7.2816225734	11.0104020457	301.971288756	468.544900204	611.347477417
5.91310170289	15.1629772387	302.336331131	412.181401191	555.192765703
7.28885259353	11.0153038758	302.456077609	469.360639598	612.834822854
9.46076915574	3.772909345	302.727259348	583.919132122	353.637148175
9.08984143245	5.53821384233	303.959304604	563.534080172	479.193538389
7.15219055635	11.5267181078	304.803783562	465.508279322	617.465140423
7.62848018092	10.1793346881	304.855486522	487.676417938	620.331816287
8.01138562523	9.09006908028	304.956417832	506.59105886	610.957605306
5.42948320761	17.0343971891	304.961984236	397.573898541	525.862710904
4.75635241007	19.8636338394	305.203280029	376.275179554	470.582062813
8.9325875458	6.21998862653	305.455914112	556.127111353	519.723998613
9.57071441671	3.42593191351	305.646325492	593.411734052	328.621565596
4.86939027201	19.3783199412	305.658286609	380.148469448	481.164865174
8.93339792217	6.23764789022	305.785752347	556.502434108	521.294127011
5.24393607641	17.8168150959	305.969146248	392.359380316	513.066275491
8.07546636	9.06605351207	308.017773709	512.890948442	619.13038844
6.00836927817	15.1832560986	308.221148962	421.634218897	573.993228585
9.12625111599	5.72225703193	308.83922799	570.49764027	499.092229879
8.22576420765	8.67962206187	309.024337285	521.59453927	615.009671614
5.35251973446	17.6213887137	309.679360023	399.684316675	528.670775772
9.05682831959	6.07160022765	310.241239847	567.933956193	521.53571841
8.74602097494	7.19680789262	311.208598561	551.518077513	576.487051597
9.06478516248	6.21641888573	313.015878284	571.161583487	534.913945698
9.74628663144	3.18770769201	313.976367524	612.396577594	317.09213303
9.93212658443	1.98385538626	316.030819221	625.939944797	204.938296008
9.93633547329	1.98385538626	316.293582452	626.465421038	205.112024215
8.68535865037	7.67821944676	316.316559648	553.304030537	606.547269206
5.65061825125	16.9033401445	316.389387271	416.698827874	565.18819807
4.95311538454	19.7322079631	316.572043428	393.645841878	506.945406511
6.74740443786	13.347553915	317.03318089	460.061935648	636.361338512
8.75413308328	7.53391750508	317.637961875	558.393431203	604.610614936
6.5510317574	13.9831606271	317.799715234	452.624359235	628.424884514
5.62382096221	17.1368884468	318.657097502	418.017386289	567.575394995
8.88980981842	7.1626529224	318.836768166	567.112809967	592.771705455
7.5538152864	11.1276669014	319.166738684	498.426409394	664.913968171
8.86169924348	7.3098405764	319.81126965	566.519640613	601.132953535
8.33362886139	8.96877745584	320.529459698	538.711090284	652.274163228
5.50513879652	17.7077656135	320.712766007	415.923610798	561.990441144
7.14870500246	12.3694440221	320.853170523	481.401068752	661.962746669
5.80189175708	16.6277923606	320.997895888	426.750024308	586.141477682
5.50100587565	17.7423383564	321.02143145	416.089372967	562.242528413
8.1134674829	9.63312219346	321.027868124	527.833743321	664.062088699
9.45062383052	5.28096268199	321.424850124	602.013969919	493.926890202
9.91443255447	2.88122995891	321.581577665	630.387483933	296.580276209
9.95661683379	2.56995213338	321.646629644	633.085963067	266.794726449
8.20652543949	9.4099366895	321.902128893	533.479157167	663.642147004
5.35566861525	18.3731437746	321.999876873	412.110764286	551.873430033
7.58408548198	11.1909611203	322.098624804	502.797858772	674.066033934
9.65814691487	4.41139864941	322.168561042	615.215701196	430.91591943
9.79413938233	3.74521391641	322.639333546	623.997131101	376.216472408
7.50588196214	11.4557422099	322.950489808	499.942366199	675.857769728
9.7148455259	4.26150494454	323.770010021	620.267943917	421.17580378
7.72457195806	10.8805796927	323.819229033	511.274958576	679.875668048
5.45003054452	18.1277677781	324.10341341	417.417615153	563.859393198
9.04882434711	6.94363921273	324.244720541	581.482166247	595.388004995
6.87354261841	13.3596157717	324.429440817	472.855833392	660.973191728
9.95512768624	2.98945550015	325.081183349	636.427363757	310.25185049
6.72198208828	13.8661145577	325.414671584	467.367671338	656.112185464
7.17973040751	12.5320980477	325.774625701	487.719104845	676.50136364
8.39946362581	9.05360503544	325.884008592	547.526477971	668.887792277
6.1692015576	15.6420209704	325.886382547	445.452407701	623.418090938
9.63714787254	4.80855223015	326.077916936	617.852138059	467.670527228
6.18036385913	15.6295843402	326.331041719	446.330134079	625.17864493
8.60310729062	8.50854684995	327.030937027	559.551063691	659.46946376
9.69327327315	4.66370668479	327.570833517	622.753455315	458.881722172
9.52151367419	5.42631509967	327.819525745	612.633873595	515.164132114
9.59271606505	5.16190347502	328.286940159	617.376929188	497.41820632
9.93356679563	3.46405008969	328.307364006	638.306373041	357.950698351
5.15528720112	19.6093146222	328.380712777	411.874777146	545.753792427
5.52429376427	18.1277677781	328.893105578	424.767669701	579.330611416
8.83938467076	7.90601862963	329.3260664	574.793533007	646.890121322
7.57360518331	11.5926476808	329.472415871	509.672585462	696.332359363
9.76554540906	4.54401196192	330.44670876	630.047447775	453.796447295
7.78257450451	11.0550973802	330.553549729	520.834997297	701.193310838
6.46168458576	14.9501174665	330.621432111	461.793505295	653.679300811
5.58892409577	17.9937354187	330.825316261	428.956332305	588.581179691
7.27607476398	12.5153345859	330.915128165	497.235014128	693.849673707
5.37359620695	18.8741131215	331.288219315	422.003391694	570.722808443
9.74628663144	4.69988451558	331.305455232	629.725665302	467.513508148
6.30122720092	15.5192135347	331.574614144	456.3130089	645.280594731
8.24568251066	9.80496833557	331.87055785	545.471463816	698.116706481
9.59271606505	5.44716277413	332.446749695	621.536738724	524.906742204
8.77434169351	8.28282650015	332.610980496	574.479283983	667.784397889
8.87301516201	8.04695041294	333.904709814	581.24354999	663.441127363
5.3421977746	19.165127752	333.910696438	423.568851279	572.769997179
6.74740443786	14.2616786874	334.440667013	477.469421771	679.94338114
5.35523802757	19.1682275567	334.83497124	424.931369676	575.662755758
6.24085465271	15.9009251538	334.909465347	457.269054184	648.543554651
9.94879405943	4.03799089791	335.586587	646.536725633	418.537943168
6.97693074913	13.7004471634	336.991913314	489.916986618	698.380628921
8.68535865037	8.79680333137	337.307964378	574.295435267	694.910724469
8.20070025427	10.2404215793	337.997588369	549.274358522	721.187732093
6.55929178305	15.0396121363	338.108305132	473.273157254	677.608983463
5.50100587565	18.8146965573	338.767007528	433.834949045	596.224823987
9.93735847526	4.41062600557	339.420625796	649.656335562	456.111229784
5.30436177985	19.6694062649	339.483337339	427.875985865	579.543638223
9.93212658443	4.54401196192	340.803128541	650.712254116	469.410257908
9.42492441247	6.60879387828	340.835220293	619.900383006	614.761379658
5.31758501908	19.7098124212	341.038884534	429.872790304	583.633206461
9.93735847526	4.54404387835	341.131601297	651.367311063	469.908225936
5.46906130177	19.0896544415	341.185146908	435.152167164	597.932648525
6.90764656612	14.1360131065	341.432471389	491.335390379	706.343209184
8.37585645187	9.96719784567	342.581538175	562.979880631	732.251294706
6.03296961451	17.0525313155	342.829405776	457.173081387	649.949703028
8.00492768549	11.0758676152	343.670223646	544.979922249	743.226523793
9.58019464723	6.23298995487	343.990268567	632.326049084	599.064674529
8.43684191743	9.88664666651	344.49120722	568.110719617	736.949035603
6.46168458576	15.710166402	344.838479245	476.010552429	686.91169901
8.53572168319	9.63312219346	345.138306385	574.030175018	734.98111321
5.99954619817	17.3256233508	345.580239136	458.660467386	653.061814364
6.7243904512	14.9385498347	346.079605683	488.134341972	707.363919108
5.82024439043	18.0163601032	346.189710352	452.611930443	639.113680042
6.07925433949	17.1299962593	347.149329851	463.254216719	662.958759242
9.93735847526	4.9921337259	347.182148432	657.417858199	516.246049901
7.09704773831	13.8661145577	347.301220483	505.53723132	731.372884473
7.26787063632	13.3821629981	347.705368772	513.650398691	740.234479702
9.65547676648	6.23298995487	348.609716657	641.494844121	608.516685805
7.50095853931	12.7530867386	348.65433862	525.414098372	751.410849339
6.34679149666	16.2946114672	348.674424631	475.223313153	687.354990023
8.2577804887	10.7010282067	350.659798316	564.887950062	764.153831501
7.13308292308	13.9832001431	351.768525237	511.615498881	745.057408244
5.65439198429	19.0266938596	352.595574055	453.039041569	637.035702191
8.84212973474	9.12096778356	352.878584178	598.498533917	746.763882856
7.19510314855	13.8682255027	353.157379121	515.796089275	751.836769298
6.46343876443	16.152178336	353.262399524	484.505701962	706.62174213
8.88670955733	9.06605351207	354.428657623	602.531560436	749.771397801
8.30438185404	10.7604136182	354.608005894	571.260899728	777.091583077
9.95661683379	5.48902076925	355.631102597	667.07043602	569.832323172
7.01112358692	14.5778834515	356.299251921	510.726921574	750.409523299
6.39097524173	16.5751580506	356.674481749	484.991465648	708.958096233
7.80384766767	12.2820250654	356.753709182	548.076822486	783.278424398
9.7907411958	6.22590136073	356.8789891	658.027703997	624.974064619
7.05846090664	14.4692909226	356.995313103	513.515335047	754.911244242
6.73210929461	15.4919840002	357.247598434	499.6286476	735.254978535
8.90000030813	9.18639964852	357.627963555	606.473534877	761.998289641
5.96741750183	18.1443763236	358.080485473	469.952824934	676.617942465
8.1343368665	11.4131644328	358.157011072	566.028142726	790.822468801
9.67067300792	6.76497065777	358.55969137	652.367456964	662.533637757
9.78926022062	6.34031825063	358.687217103	659.744833679	636.267033622
9.07628067726	8.7232371274	358.952051557	617.752907289	752.527077776
8.95986861967	9.12096778356	359.892064815	612.096753284	766.783612797
9.83208153389	6.29677449646	360.639965306	664.337184541	637.437634909
6.25523721159	17.309795086	361.691076781	484.615290798	709.264318584
9.76554540906	6.60879387828	361.759072985	661.359812	659.99984331
7.80384766767	12.5320980477	361.943348214	553.266461518	799.226671572
9.00055225892	9.10195062361	361.950741704	616.450977109	772.149525451
6.34561034215	17.0343971891	362.383077982	488.884868728	718.293916231
9.57796637881	7.33020975596	362.918433076	651.120100493	704.192891395
9.89775320045	6.21998862653	363.494055563	671.261808527	638.103974349
6.90248066415	15.3242826906	364.457837084	514.136629315	764.573374974
6.60219053114	16.2919434515	364.61006168	501.548691932	743.665473461
6.55377171308	16.4724360949	365.013214987	499.950662837	740.916162172
9.31120747668	8.3385453412	365.626770187	637.998406875	757.061080727
6.84760202973	15.5589663589	365.692102182	513.000293328	763.987730143
8.06166248306	12.0665642023	367.532546913	571.705916361	821.223690284
6.49800373544	16.8103740443	367.914029503	500.564802785	743.303038714
9.31356576239	8.46705680176	368.289592225	640.799215631	769.118153469
7.35933543991	14.1617289717	368.990519564	539.138606281	803.197029712
9.56986474319	7.71224311912	369.514816792	657.229132865	739.640918138
8.65371288203	10.5054536883	370.026639181	605.290292291	823.850470765
8.41214692612	11.2135345727	370.464304556	592.776645386	830.969039944
7.27607476398	14.4848044563	370.526325055	536.846211018	803.03700846
6.30457935683	17.6209866058	370.67485988	495.546007751	733.450941364
9.72381397138	7.30609488082	371.549741146	668.595363208	723.414499573
9.77771166702	7.17551230787	372.546997821	672.894708002	718.382897015
9.68681126353	7.49911638326	372.802816163	667.592002827	736.886139773
9.46956738339	8.21285340386	372.907239934	654.622355678	771.228315751
8.91831032416	9.88581049716	373.030697991	622.901225078	823.390893205
7.05876557019	15.2815109656	373.285236393	529.818770341	797.356305169
7.72977580676	13.331479455	374.221089978	561.929472961	834.143483755
9.22296933794	9.05316444535	374.462827601	641.696636856	806.437206849
8.88409413811	10.0651067635	374.697491927	622.654379477	831.904181984
8.1343368665	12.2061121521	374.842972461	582.714104115	845.766115382
8.15969279416	12.1843168196	375.90789879	585.076980194	849.527452234
9.64986915218	7.79020545436	375.975665833	668.520694109	759.661958307
8.624184429	10.8725279993	375.99580162	609.656646896	846.828027534
8.37083130068	11.6407366896	377.056405957	597.190368821	854.173832714
6.46747879519	17.4267164513	377.677125858	509.084549195	763.333302032
6.81107269452	16.2859117222	377.728006813	523.468724471	791.17348737
8.93339792217	10.0774924783	377.954086491	628.670768252	842.198491548
9.85739954275	7.26892586205	379.285274369	684.548572692	739.645427972
8.77486973944	10.6048928157	379.447515418	621.344931383	855.098722906
8.93320925484	10.1780564106	380.059153159	630.765245098	850.566915413
8.67644391892	10.9696981269	381.234912141	617.73614049	864.782360543
7.53134498723	14.2565981644	381.492049994	559.686821123	846.817082332
7.67037792488	13.8520500035	381.553917289	566.388570764	853.446287442
7.38768356265	14.689339816	381.614631277	553.07606176	839.55173923
5.85145525907	19.9199284892	381.6577625	489.224414166	714.240003002
5.91633120362	19.7154199889	382.588553729	492.553642563	722.669303493
7.571700773	14.1926106038	382.641965367	562.751522388	852.074936276
6.49826045451	17.6189374354	383.373073473	516.03432833	779.116783143
6.90248066415	16.2763018051	383.374591803	533.053384033	812.07239872
8.44100065457	11.74384615	383.523392947	607.363415337	876.247595054
8.16636672624	12.5320980477	383.754522111	593.265908348	875.205744811
6.83834640162	16.5148740711	384.007008781	530.917247949	808.734699868
8.7538850162	10.8805796927	384.049781311	624.79160619	873.136870321
9.46076915574	8.8080005575	384.19143978	665.383312553	825.579390717
7.67956349891	13.9895646991	385.02321145	570.300823279	863.984379327
6.6477034365	17.2106913744	385.315247371	524.148387333	796.471441471
6.91453717505	16.3924633509	386.470270474	536.672404999	820.727661806
7.53876690173	14.4848044563	386.736291453	565.282446836	862.068715719
7.06653320094	15.9513097051	387.31512426	544.193354084	834.137743305
6.73210929461	17.0343971891	387.384379033	529.765428198	808.458447894
6.12092722492	19.2063658681	387.629971194	505.332096447	753.543360352
9.42551996998	9.09006908028	387.747484661	666.847916537	845.680735364
9.93814721701	7.52349164687	389.16919625	699.454155637	778.142100032
9.94879405943	7.49911638326	389.392433075	700.342571707	777.283759666
8.88409413811	10.7874639476	390.041001088	637.997888638	891.608661669
9.04882434711	10.4202578545	392.326222022	649.563667728	893.493504694
7.21831504126	15.7232913728	392.33576526	556.025535187	857.913982433
8.02927333304	13.332542597	392.587460915	595.123521072	900.106883158
8.85043628926	11.0047459095	392.65837593	638.740027522	902.688682919
7.571700773	14.6751758059	392.806862126	572.916419147	881.0464712
6.19298973409	19.2497580216	393.425165981	513.915051816	773.133715459
8.63207769051	11.6613794079	393.452052359	627.540808283	909.932599319
7.57360518331	14.7297492599	394.080762567	574.280932158	884.767771553
8.65419013829	11.6912802736	395.471035073	630.760638697	916.94556714
8.12889004039	13.2934429186	397.924357818	605.517197868	919.874523169
8.75413308328	11.5221983621	397.967040494	638.722509821	924.67742478
8.44100065457	12.4239817878	398.307928978	622.147951368	926.994787188
7.76988841955	14.3829456411	399.039256943	588.700868702	909.29755071
9.08984143245	10.6317764011	399.445082318	659.019857886	919.913657735
6.45094062502	18.6457214684	399.85506744	530.591298873	812.557119045
7.46242454623	15.3775834736	400.717775916	575.666096798	896.760802648
7.21331193448	16.1796994955	401.440440339	564.903377943	881.593736364
6.21342508412	19.7083621657	403.374272496	524.660644525	796.785248565
9.63714787254	9.20494825077	403.484480597	695.258701721	895.25553545
8.4439389447	12.6779090579	404.079244267	628.075130026	946.599823001
9.41960194121	9.89178527607	404.213375947	682.963438645	919.111921964
8.86169924348	11.5271581018	404.785173049	651.493544012	947.948799043
7.27607476398	16.1796994955	405.519661029	571.839546992	897.001925005
7.49632832012	15.6558093129	408.787432698	585.329037977	921.300569346
6.42633580902	19.2063658681	408.885525598	538.626365335	830.616678678
8.52490612237	12.6723700541	409.036811488	637.348992635	964.418815787
8.60310729062	12.495536363	410.027022034	642.547148698	968.487899287
7.52398274724	15.6319314314	410.069561532	587.916115591	926.695046122
8.1343368665	13.8517658943	410.50134016	618.372471815	959.794083949
6.81107269452	17.9707269082	411.222841869	556.963559527	873.022212143
6.66043919356	18.49642164	411.354001815	550.719608026	859.255004868
9.4208898998	10.2222914203	411.433607671	690.259903543	950.081217351
6.72198208828	18.2939218815	411.580497025	553.533496779	865.625696114
6.55249275107	18.93166081	412.395803179	547.280590351	851.197679725
9.12278143648	11.1575370241	413.058802408	674.518294401	972.414654068
9.33016903202	10.6180072812	414.315088536	687.797182384	967.94495458
6.73789417219	18.4129045803	415.035368113	557.66121747	875.385384965
9.05057930343	11.4810779558	415.678058221	673.015292417	984.836282244
7.07154370242	17.3903752199	417.063031874	574.163808526	910.680484437
7.67037792488	15.5158856118	417.081725485	601.916378961	955.957780138
7.94468799976	14.7297492599	417.705837008	615.997093903	973.593498164
7.58408548198	15.8720124214	419.122241804	599.821475773	956.020162029
7.58716296758	15.8704728148	419.290836006	600.136748732	956.70338053
7.74876129709	15.4163606071	420.026823173	608.6584185	969.337565152
8.7538850162	12.5607968367	421.049669614	661.791494492	1007.96971746
8.23619448963	14.058152779	421.581336809	634.690959273	998.642543759
6.60219053114	19.227704154	421.664682988	558.603313239	877.671823241
7.72457195806	15.6319314314	423.135893948	610.59162349	976.765036879
6.90248066415	18.2939218815	423.998121502	573.676913732	912.73737746
8.29134180597	14.058152779	425.13207807	641.105102871	1012.06059294
7.77338972677	15.6420209704	426.560154867	616.392737727	989.78841399
7.97012132964	15.1402749844	428.414164668	627.977033326	1007.14556938
7.70694645015	15.9323121588	428.516715604	615.117968546	990.996470363
7.21014743541	17.512077837	428.977923822	592.297469638	953.354866213
7.15468326917	17.7423383564	430.000538273	590.817072424	951.087120739
6.6113132828	19.6285137067	430.18987903	567.507207899	898.445023955
6.6113132828	19.6558497845	430.727986996	568.045315865	899.696263016
8.22576420765	14.5533746921	432.005221283	644.575423268	1031.20459929
6.71412321586	19.4370439739	433.757294986	575.378565686	917.566288746
7.76988841955	16.0073112864	434.3338357	623.995447459	1011.9908195
8.07546636	15.168766135	435.965986974	640.839161707	1035.89109162
7.49931983068	17.065648696	439.171609628	615.854145622	1005.06736333
7.13308292308	18.4129045803	442.499346003	602.346319647	981.08235772
7.47268358593	17.3376554425	443.217416571	618.647091863	1013.84642153
7.82639152735	16.254136663	443.560797839	635.990901326	1042.59506672
7.07154370242	18.780744457	445.828029163	602.928805814	983.489846764
7.36497921281	17.8598896125	446.995368989	617.404524216	1014.49623377
7.17036695553	18.5688222845	448.391001533	609.913356033	999.759965228
6.93549665014	19.4639976693	450.20995413	601.324059823	980.428200338
7.72457195806	16.9184396215	451.337289169	638.793018712	1057.15281399
7.35933543991	18.1562610521	452.945977235	623.094063952	1029.75102665
7.40870541307	18.0657646796	454.467947834	626.906562781	1038.41181311
7.12607157283	19.4370439739	463.463767152	622.99665716	1033.61593279
7.2816225734	19.0837607622	467.257636529	633.831247977	1059.61698339