0.0223451620072	7.39015016118	0.518786455075	0.52035507197	0.00386410479836
0.0769370142729	2.70884149834	0.655003911934	0.673599954414	0.0167912438581
0.159073225297	1.59335927181	0.80022897875	0.87972475348	0.0422217765783
0.102853262845	2.67567250071	0.86521000173	0.898444262232	0.0296413323023
0.113079366327	2.80829412062	0.998452985683	1.03862435215	0.0376043374249
0.0505489344013	7.19061637632	1.14192801572	1.14995539684	0.0192406060351
0.29439879595	1.2934697146	1.22690089441	1.49918477505	0.117396984462
0.0889485795465	6.52666306427	1.82398142419	1.84883723341	0.0540751639863
0.0320394011364	18.4866870281	1.86077560459	1.86400052242	0.0198726821614
0.357271921987	1.74204588949	1.99597409797	2.39697711981	0.232855221955
0.496499627128	1.23734273074	2.07958720254	2.85402711295	0.319415864514
0.0628148624966	10.5933336404	2.09051155221	2.10290735618	0.0437709623942
0.116360406446	5.84420232374	2.13681247353	2.17934883441	0.0828636996859
0.0555292610338	14.0185345402	2.44555700162	2.4552440989	0.0452663025798
0.117820100914	6.71736046053	2.48676478888	2.53037504662	0.097648607017
0.0995861646252	8.05244016836	2.51947234435	2.55062878848	0.0836284674039
0.151447267342	5.8867854373	2.80177460572	2.87383103809	0.141393585573
0.720684272573	1.11485951632	3.00562322179	4.63732190058	0.606371599941
0.550233773212	1.67043762359	3.04015296042	3.99129277204	0.529606575545
0.141781582563	7.72405548381	3.4410281838	3.50418053321	0.162597416935
0.994278640018	0.704961568445	3.8071781714	6.91292529678	0.729810788235
0.150584154832	8.48281495668	4.0136320776	4.08486953729	0.201431396184
0.114879421943	11.8423606324	4.27416053666	4.31562101954	0.163663330079
0.703252517014	1.85363233176	4.38011994352	5.93383889525	0.960007894464
0.202537896206	6.97428306889	4.43954838858	4.5684215439	0.299599288376
1.20258258246	0.153796253798	4.58039039561	9.12377698336	0.23291861225
0.821291581179	1.63824528532	4.72836889159	6.8474355326	1.15718364464
0.10266988543	14.9162307451	4.81129881736	4.84441467656	0.164654599071
0.211838767962	8.60985176107	5.73168616694	5.87266722207	0.404608661924
0.21051070197	8.84718862774	5.85264583081	5.99186474159	0.410565321398
0.10455216286	17.9078405061	5.88211503315	5.91645626864	0.20499245595
0.561709273868	3.35429707698	6.00162107258	6.99284793058	1.10828978413
0.140642011604	14.3373322833	6.33511039188	6.39725164569	0.296979934797
0.300368317543	6.96905779045	6.58235144418	6.86578947139	0.658431997228
0.665835878191	3.36876974598	7.18306548055	8.57585105187	1.56399129843
1.02555742535	2.25856745721	7.99189202538	11.2961187502	2.48760631728
0.609987112978	4.31137229517	8.34429932919	9.51323656347	1.67990786888
1.31409528726	1.61100106389	8.58277436888	14.0078224084	2.91325272112
0.313556725305	9.11639114335	8.98557094911	9.29444549009	0.938607043263
0.24509727035	11.9930980969	9.23656319991	9.42528706474	0.754461274694
0.166611364189	19.5413234921	10.2287897542	10.3159983138	0.5680568914
0.325463283959	10.7146430717	10.960486894	11.2932643344	1.18853049904
0.272281430788	12.837132892	10.9833191366	11.216227949	0.996627125313
0.221854294754	16.4641035704	11.4761238838	11.6307509634	0.848598750974
1.8479995345	0.781530198074	11.6488425629	22.3777027955	2.79497608755
0.397742903045	9.55027367433	11.9438528347	12.4408509607	1.58215603967
0.414103339619	9.37587556866	12.2093802711	12.7481055301	1.68367366476
1.97962363343	0.328493071873	12.4799680186	24.7915860366	1.34809374081
0.213780789736	18.6323225678	12.5145180315	12.6580958091	0.891729155536
0.517849861885	7.9065809622	12.8905655405	13.7330416655	2.22036856362
0.668337745903	6.19056979483	13.0735282329	14.4768002078	2.89568436714
1.19108019918	3.38781656855	13.4374833017	17.8943729632	5.03304154644
2.0704802601	0.10405234066	13.4846535557	26.9523109975	0.46711376001
2.06249067656	0.284281754999	13.4902681831	26.8541879843	1.26637285825
2.07175359226	0.514716562123	13.8941526543	27.3783802368	2.31351842138
2.10873173648	0.0881663617157	13.9820806271	27.9519563032	0.410557703992
0.495396740965	9.35477873746	14.5795678786	15.3505710476	2.40418801717
1.989963172	1.24341636023	14.6694726224	27.1100332138	5.15626552325
0.621889331668	7.54390166492	14.7886889327	16.0036883959	3.05527882442
2.16044896849	0.407656012293	14.9222658279	29.5857744025	1.99255581058
0.320041743256	14.9555564741	15.0403691153	15.3621521383	1.60414805762
0.343101383347	14.0046537919	15.0999327412	15.4697565021	1.72641791202
0.304888086535	17.2338223165	16.5097269506	16.8017591788	1.67761051033
1.38581532584	3.60214859415	16.8031018992	22.8364806935	7.24437564733
1.7330718747	2.56577257186	16.8578283495	26.2937216512	8.07011874146
0.885538370761	6.14697644773	17.2774342148	19.7410027061	5.04783249792
1.64260828013	3.27418530512	18.9031890955	27.3797148933	9.25123873526
0.357818361538	16.8596108243	18.9564857669	19.3587163775	2.26048385166
0.439303126391	13.8496152376	19.1236260607	19.7299133463	2.79894854275
0.876029651089	6.90141074681	19.1459730405	21.5569190491	5.54630956453
0.313497078751	19.5415588094	19.2485692468	19.5573262872	2.0111979542
1.16947238388	5.11867827043	19.2906415371	23.5872899166	7.33105356531
1.91480179872	2.59248144114	19.3877615587	30.9063039839	9.95386915549
0.422188523422	14.6185087388	19.3972610282	19.9572283966	2.72862928957
0.645535989034	9.81454838524	19.9470205521	21.2561747167	4.28291896414
0.883612987066	7.13944266883	19.9699633244	22.4228306238	5.83736848621
1.25728889427	4.95272968195	20.1832425085	25.1493947779	8.19866991664
0.536007816222	12.2792504319	20.6969439074	21.5995372339	3.69438983171
2.53811533681	0.592698920794	20.7827163123	41.0209487473	3.99839284101
1.11297801654	5.85717633639	20.8462120933	24.7377659503	7.59783905441
2.55696625568	0.512789078296	20.9489463724	41.488919262	3.51089125541
1.78626837758	3.29571091723	21.0364688395	31.060520417	11.0121254063
0.943514877438	7.10197698656	21.2362121222	24.032921752	6.62072247628
0.438450570422	15.4522911531	21.2930636287	21.8969999532	3.11073330788
0.415516309634	16.6586253963	21.752649751	22.295057672	3.0119234555
2.60322001884	0.632348237854	21.9089056992	43.1987077463	4.48752293624
1.07756224977	6.52181051044	22.3773611953	26.0251913524	7.93015235295
0.821380382786	8.70631087045	22.5658950424	24.6854199535	6.15108092466
2.16215035047	2.52841812676	22.5978054079	37.2844184884	12.3779662444
2.12324883888	2.75118071714	23.1810740862	37.3439569481	12.9882167429
0.809772080188	9.08789079128	23.2109559911	25.2709951238	6.24047022113
2.73024044127	0.293338149923	23.5528752921	46.9709756737	2.28980741355
0.973171159147	7.79349408475	24.0121496804	26.987433032	7.72928440025
0.419803043092	18.6582258896	24.6136318799	25.1672891888	3.44342104513
1.09946372039	7.11714874353	24.8747102386	28.6723317543	9.00941239973
2.82900199891	0.48449311428	25.5090126306	50.6519712921	4.06053011471
0.490980893602	16.6541282445	25.6995202875	26.4568396431	4.20416455666
2.60651145252	1.77085923113	25.8036255549	47.1472980168	12.5988798018
2.87828274205	0.0880401209407	26.0387330973	52.0652937	0.76379384771
1.79950318383	4.31506870515	26.4306593486	36.6038014632	14.6326023905
2.67303244801	1.68195060533	26.5210123817	48.9680138047	12.584915877
0.489586079721	17.4820387911	26.8993169379	27.6523395107	4.38812327635
2.38873084187	2.69895273386	27.0475562279	44.9735939747	16.1271761947
1.73595883033	4.83412983121	28.0121311101	37.4794872665	15.2554762728
1.39786307299	6.2451801385	28.1044339313	34.2431724866	12.7791760336
0.482638133915	18.6698173073	28.3176130046	29.0494142412	4.55419846376
0.597674963343	15.1923568152	28.548014047	29.6702392034	5.68308166768
1.8750971285	4.49406926729	28.6855820905	39.7313880612	16.5468723817
1.71986859372	5.02763132799	28.7103987981	38.0030664407	15.5733689868
0.497964723268	18.4323676296	28.8461595733	29.6251767398	4.78637693452
0.677111186402	13.7592099299	29.3041145534	30.744470567	6.60605358826
3.02207917116	0.65141603381	29.3510364333	58.0430843814	6.23015335875
1.60029660985	5.70628735503	29.7950477827	37.8405070997	15.3032342553
0.958853653147	9.93199132845	30.0575131206	32.9458944373	9.5624593967
1.24820453173	7.61904129182	30.2752119092	35.1698589831	12.4308393885
3.05499563602	0.79895084761	30.306571675	59.6270506836	7.80854051875
1.73793873365	5.28850531452	30.3938804344	39.8828444063	16.7274787983
1.90310963052	4.71700280193	30.410824269	41.7891270582	17.8904953793
0.604897714502	16.1790395324	30.7671931743	31.9167058376	6.19933694063
0.861933869711	11.3605267049	30.8509604258	33.1849438426	8.83842697841
0.739328763792	13.2897219496	30.9153648651	32.6325814666	7.60711038699
1.93710944706	4.74389052239	31.1835587611	42.9720490743	18.64110249
1.71943810848	5.53190551024	31.2922896344	40.5803059268	17.1268095024
2.99599988991	1.44386560723	31.3028740427	59.5018578944	13.5718476475
2.13666637062	4.15456385545	31.3596434236	45.7020920169	19.8622061748
0.640585543886	15.5932296047	31.4072014093	32.696353449	6.70068125022
1.70024682847	5.6291960206	31.4098669011	40.4917063387	17.0411514739
2.3342899244	3.66927848368	31.8918196823	49.0100735841	20.9372135734
2.6554277086	2.77073815594	32.0155128741	54.1678135774	20.4594082668
0.892411894581	11.4095401817	32.0854237002	34.5873849152	9.51540900527
1.56747934016	6.33615000468	32.1422154184	39.8610818076	16.3026317694
0.550174438651	18.5990190779	32.1610521231	33.1119868131	5.8954841471
1.09924669429	9.31195187816	32.3810430834	36.1771655017	11.7831030942
1.63978865912	6.10399276302	32.5599166889	41.0073666843	17.187724546
1.27126476321	8.09338016812	32.7196275273	37.7967997055	13.6971615391
2.77202590498	2.61138412292	33.1652204138	57.3056192874	21.0132847797
2.16880303909	4.40229097586	33.4374496303	48.2145797998	21.6844089313
0.596346124353	17.9402744947	33.6292482876	34.7464887991	6.68120048383
0.807780782137	13.3124683487	33.8454287335	35.8953487024	9.09649823448
3.29537304272	0.0456178654198	34.1193422104	68.2354157664	0.518767484044
2.10755035845	4.71689943444	34.2065688626	48.1607961932	21.9402290013
2.54666160911	3.55895495208	35.012583978	55.3873371126	24.1709428553
2.55746463898	3.54920473115	35.1481022161	55.6960828587	24.3096633708
0.699256267724	15.9857437555	35.1507164557	36.6868274883	8.18529244901
2.0387791712	5.1855379926	35.6882997865	48.7467082411	22.5716243881
1.99876556266	5.44234025546	36.4059758412	48.9568388457	22.7686889901
2.69884734075	3.35434410877	36.5030530529	59.385713268	25.5854388285
0.938325133612	12.3533045372	36.5204068472	39.2864348425	11.3898620615
0.618302757208	18.8741131215	36.6817900515	37.882815581	7.55609723464
2.57157478136	3.76242413361	36.8175656375	57.5929079789	26.0552164697
3.1338539967	2.04161705544	36.823554617	67.6772644731	20.997153422
1.82608437344	6.16180403445	36.8687510426	47.3446560761	21.5168246335
3.05947965153	2.32650762532	36.9430354443	66.3496487619	22.8049033727
2.43251508215	4.28903795047	37.6811784479	56.2703894078	26.5766104254
1.4567453421	8.21026143069	38.1611264874	44.8279222227	18.2453786307
1.42188313483	8.49422439397	38.471441009	44.8229611373	17.9837457375
3.42457327686	1.06432646563	38.5820361841	75.4256990346	13.0712284875
2.17268308726	5.36113782104	39.4843032343	54.3143540827	26.5019821638
1.86164065351	6.52035158431	39.6582432601	50.5460795267	23.6641734835
3.41066961336	1.46740384468	39.7839349781	76.3290368313	17.8754743212
1.12962935638	11.3273210038	40.3981963207	44.4070648422	15.1365802016
2.87750836596	3.45751573493	40.6642136513	66.6767717136	29.979609602
3.60740977042	0.49038835824	41.2588354067	82.1416537436	6.68281938816
1.56997754312	8.47690376848	42.5210647587	50.2645549639	21.8802737673
1.94298036021	6.77632047179	43.029759088	54.8898138461	26.7891772845
1.33684086676	10.1603465575	43.0392951007	48.6537720007	19.0150103477
0.979718659529	14.1541918712	43.6690972801	46.6845507532	14.2271023459
3.73843062377	0.100128687965	43.9222157841	87.8286859736	1.46543241775
0.78269287049	17.8496959144	43.9328310028	45.857396202	11.4509678578
0.980304005081	14.2341777655	43.9410608969	46.9601186896	14.3246017686
3.644286312	1.34923613693	44.4906722136	86.2136073164	18.7646972598
1.7345283142	8.19843368987	45.6636536308	55.1154130745	25.8298743505
1.19965501651	12.0945349578	45.805898893	50.3271915739	18.2276441277
3.81840258083	0.718506975434	46.6089170048	92.4139607755	10.9704144864
1.11613064125	13.2599295272	46.65940654	50.5730380746	17.298159448
0.820575962225	18.2302182625	47.0435450682	49.1589204901	12.8545852162
1.53539465812	9.68285105642	47.2895930285	54.695699023	23.904073751
3.13806042221	3.70918980041	47.898056095	78.8346485192	38.2498976931
2.47256095171	5.76708552696	48.7410871962	67.9473950279	36.9214733074
1.21798395236	12.7260092985	48.9174380496	53.577943339	19.7698778825
3.72133199764	2.05593936241	49.703826838	93.2095815688	29.8150645475
1.47316756261	10.6527924308	49.7713002912	56.5892558802	24.2100885639
1.06544026223	14.9302700418	50.1013739019	53.6675934938	17.7482071782
2.21068843371	6.89165860735	50.265368583	65.6187822313	35.2701617739
1.76175076131	8.99406214663	50.7254630767	60.4762307395	29.2330034457
3.09271033066	4.21827369566	50.820246618	80.8691316967	42.2514738372
2.47602033544	6.05456421434	50.8823578412	70.1424467282	38.8704816468
2.0686087441	7.57479004915	51.0291068615	64.4724283602	33.9434459719
3.84569663734	1.76322337322	51.1129872321	97.5752030424	27.3077549628
0.971389525091	16.7919077989	51.3297079005	54.2941072183	16.5926400079
1.59252457861	10.1793346881	51.5473355553	59.5148371742	27.0346218687
1.74362261861	9.33983944791	52.0452229564	61.5963552589	29.7353474169
3.96334849017	1.43790746175	52.4959260107	101.844475762	23.6528826377
1.45348692381	11.4557422099	52.7293068936	59.3663116785	25.3439386204
2.35419619472	6.79421532284	53.1805622054	70.5920218044	39.4324018669
1.26057862363	13.4505294885	53.5005379299	58.4927123339	22.3824630109
3.86213894182	2.14708326484	53.6148802356	100.47524447	33.5377012773
3.22037981973	4.26794386668	54.0922585264	86.6732327075	46.3512563088
2.60566845658	6.08101838552	54.1562807981	75.4861495842	43.2357747495
4.1554569193	0.655727135323	54.9197184157	109.168181808	11.8573964987
0.908629661849	19.4758593568	55.6551738371	58.2488974323	16.8383319837
1.20513782893	14.689339816	55.8014590439	60.364173712	22.3410887479
2.16176251516	8.00245491229	56.2957663185	70.9771110545	39.1622664339
3.01225480298	5.13650643878	56.350124919	84.8559282004	48.8067473659
1.7446188078	10.1868535346	56.6458276954	66.2078768702	32.4690648117
2.879817557	5.56692389099	56.7051688465	82.7594936463	48.3474810638
2.75515191851	5.9509072108	56.7610801678	80.6084767569	47.304548107
1.97914533409	8.92108816138	56.8169814983	69.1226509842	36.5933207894
3.98607329185	2.2027222543	57.030547958	106.946623385	36.6504167305
3.30166338631	4.41062600557	57.1471983751	91.3936405677	50.3494161776
4.10671171458	1.68695695777	57.2792563406	110.262471247	29.7934676774
1.36094083607	13.347553915	57.3636340751	63.1823661965	25.8886135691
0.950669995952	19.3338603058	57.8126163079	60.6519043113	18.2981325418
4.12252448691	2.21222451991	60.5937066971	113.985727752	39.3717127153
2.37122824992	7.78182478984	60.6017326345	78.2660392026	45.8201795823
4.26846664598	1.51571771201	60.7408537956	117.980067212	28.9194965322
2.66741659151	6.7514949789	60.8326794197	83.1854607234	50.304896912
2.82801350245	6.26274949231	61.0510200224	86.1764110868	52.4513433775
2.64192490961	6.89268077113	61.2666346956	83.194220143	50.3799488569
1.65794883001	11.6613794079	61.3502677606	69.9858598117	33.56763844
4.09513719105	2.45562714639	61.4310819259	114.11605761	43.1248854987
1.33843735854	14.5613692303	61.4861145604	67.1140093903	27.3166182021
3.073811146	5.58700321502	61.5781070354	91.2608639065	55.2792193566
1.02533897433	19.1585637066	61.8018332813	65.1046525084	21.0924241915
3.9373827744	3.10296627837	62.0105670407	110.714624895	50.3756830468
1.57609283532	12.5609927404	62.6827107344	70.4866424795	32.6750433318
1.49344534217	13.2786449386	62.6935014868	69.7004437367	31.0142327471
1.08984099286	18.3461864378	62.9250759347	66.6565132582	22.8192149388
3.00689057121	5.96408156956	63.0945267428	91.4988939953	56.4686544085
4.485517435	0.190829597502	63.2656014469	126.474026736	4.02067945224
1.88638249034	10.5822824829	63.7018015638	74.8809670699	39.4336957696
4.02312008386	3.11255309876	64.2895384754	115.137771319	52.755941568
1.67719733048	12.1364818104	64.5557261456	73.3929976457	35.7511282716
4.40594357644	1.54853547064	64.6427215429	125.628382502	31.4794863985
2.20759869656	9.07156283458	64.7508411056	80.061367786	46.2968016039
3.29371736538	5.33851927395	64.9081949653	98.9899956065	60.6487832046
2.53140734161	7.83850904919	65.5069871214	85.6383855079	52.6000494753
2.05808632172	9.97820520307	65.8738065301	79.1807111897	44.2596751035
1.27158429533	16.5294640868	66.2270003461	71.3067251372	27.9883761688
1.52049439099	13.8517658943	66.5641909679	73.8272490549	33.5353934326
2.59238731237	7.78799920706	66.8488597655	87.9618451581	54.8093044988
4.60981372027	0.460350346035	67.092106824	133.852152484	10.2443367069
3.87236699177	3.95244042573	67.3143692067	114.423261421	62.0650299995
4.55380420413	1.21744560134	67.4356389076	132.583262747	26.4378960272
3.94422238876	3.76731205907	67.5851565409	116.458568669	61.3737982931
2.17557005686	9.65453346709	67.6409838977	82.5104720215	47.8526569098
3.52377891239	5.04960106921	68.1658499832	107.175061957	65.6603194968
4.37392429187	2.36624813749	68.3339007633	128.436381212	47.40579414
4.04075110519	3.5622274706	68.3815957212	119.676482254	60.9080179696
4.53885376199	1.60632070229	68.6540959199	133.374653989	34.6539907634
2.8203869857	7.39802479157	70.1522515889	95.1423103158	61.6256913349
3.21560853311	6.1752383626	70.3341368637	102.81863919	66.8665149848
3.34304693311	5.80674737031	70.3700470322	105.480369652	67.9589245142
3.76290161803	4.61527106567	70.3952012554	114.878358083	68.433942206
1.33103351636	16.8507049777	70.6817991013	76.2476024225	31.2625699096
1.37379330181	16.4333425725	71.1720468085	77.1011998698	32.4786011403
1.47359201753	15.3854220525	71.5516196642	78.3735046524	34.9858599121
3.12169787154	6.64292634774	71.98271248	102.597525353	67.7906490218
2.57334498808	8.6118305794	72.6633160002	93.4672706216	59.7200441936
4.49272166681	2.57434052535	73.0839794701	136.495607106	54.414374267
3.38079583989	5.99946436752	73.141682681	109.049397166	71.8090178582
4.45416083301	2.75395627262	73.2790402992	135.606820828	57.2159940489
1.25290153606	18.6764937726	73.6778935685	78.6094471495	30.7013765815
3.96223217433	4.50377999083	74.6690105439	123.989765207	74.0432759949
2.73034704976	8.2833113653	74.8115830995	98.2315123437	64.664855361
2.8837609677	7.93477883001	76.486221286	102.611948698	69.100622928
1.92894532901	12.4836661632	76.5482998074	88.2376322592	48.6419079995
4.93368458698	0.32673227616	76.637777388	153.108049473	8.3284353523
3.2661171133	6.71806872204	76.6476073212	110.16061292	75.0475582314
4.62058114103	2.68040189644	77.5407988817	144.613079724	59.9268895891
4.84293378649	1.68801093553	78.0304756832	151.713413846	41.4592017936
2.76247450745	8.64402573958	78.7555430535	102.729870385	69.0782341816
4.79949597958	2.1520488533	79.3089913669	151.676086006	51.9125076782
1.45723688018	17.2810091438	79.3940152063	86.0653107492	38.4289064261
1.60721588023	15.6558093129	79.4650460687	87.5802287815	42.349917697
2.17212190487	11.4861366951	79.7697097077	94.5921006368	56.7506694535
4.72968104981	2.61274558614	80.2871057131	150.564165283	61.2053590658
4.52552665236	3.39163523325	80.4049050774	144.745952497	72.740454458
2.92796925312	8.32658879847	81.1893916609	108.122277881	74.7530229028
3.15818660574	7.57872329446	81.4617348829	112.796428116	79.1589898438
3.73102761979	5.88412674418	81.6665003415	125.399251675	85.7763505736
4.85886866453	2.25024150789	81.7363946982	155.905013783	55.6324350822
5.08624786748	0.550156599167	81.7467963187	163.019538676	14.90424518
3.23694726137	7.40013039084	82.1375349401	115.054601069	81.1968604786
1.70386931007	15.33908773	82.6130448707	91.7336243808	46.6337897513
2.33099530094	11.2024986051	83.7934455478	100.863412045	63.7420919594
2.43137626091	10.7604136182	84.264360469	102.836169824	66.6134501002
3.69764196859	6.25108593435	84.3685001414	127.322102028	89.5022188619
4.34271485281	4.4537284246	84.8668100004	144.114647128	87.9579254376
4.8900739592	2.62542915653	85.2669743013	160.39132439	65.7445530295
4.73815845081	3.22289353387	85.2987042588	155.827916449	75.769380639
5.09587049722	1.61333114915	85.5714617151	167.152013409	43.8721484041
3.66428886711	6.49027429823	85.7993977942	127.981602886	91.2580271824
4.61282809945	3.72238330716	85.8979744688	152.745358099	82.9438616513
5.12414662406	1.50831118296	85.9877578749	168.476174869	41.472733939
4.54392909284	3.96428964285	86.081649123	150.947028732	85.7150508552
2.2943994367	11.74384615	86.2508536703	102.789041781	64.7406455897
3.43418501012	7.3098405764	87.1341865651	124.184957514	90.2784096227
1.81389037138	15.1912680153	87.1824324973	97.5188952407	52.3413252884
3.38568247547	7.50112103648	87.5357696216	123.547361854	90.0424373496
1.41845261744	19.7776128164	88.359382027	94.6802910382	41.670830357
2.55044369146	10.788155585	88.8223441072	109.257659835	73.4864551648
5.15343850253	1.95721167231	89.2487946039	172.682987358	54.4327919759
5.11651478946	2.1696368615	89.3316334888	171.574519202	59.4790654798
1.64070599323	17.3156739945	89.6521894556	98.1090934761	48.8123310072
1.89924554988	14.9685616768	90.028310187	101.36045479	56.5419684723
5.30004049898	1.18349213208	90.4220650052	178.670751301	34.8138752994
3.42511246606	7.7555096465	91.2276956546	128.082961276	95.2771226831
4.71171631697	3.98182988352	91.3137627701	161.057969957	92.5698561264
3.86292608169	6.49516079877	91.7106419878	138.590109325	101.496559506
2.69868387966	10.5053311542	91.9577630548	114.837651486	80.1202682462
3.32714750121	8.20835958617	92.578536711	127.355686197	95.1544494553
3.23974217905	8.51541727247	92.7301537509	125.704088405	93.5956042308
4.19189268918	5.65979473556	92.7521125425	147.956066552	104.147682762
1.80362248412	16.3575852552	93.2478455359	103.467616289	55.7235904603
5.42507929514	0.762073230353	93.3695305953	185.831268782	23.4875385014
5.44734774877	0.329063153048	93.3922908573	186.614646756	10.2253474556
5.32977733544	1.7361271762	93.8569890352	183.09872383	51.6450003427
4.72754438628	4.22406666178	94.1580680976	164.371645791	98.86227758
4.70992855947	4.31702576779	94.536915768	164.228207174	100.286366929
2.64892389656	11.0930590849	94.9101211626	116.954041613	81.5115040078
3.77804778692	7.15227449646	96.0066650655	140.84864359	106.90737979
1.78097401829	17.1695527235	96.5807072507	106.545425883	57.0299206459
2.80120474882	10.6317764011	96.7552409127	121.406526925	87.3623202942
2.31218524851	13.1306955373	96.8481185458	113.643703149	73.5125692646
1.83850712694	16.6703589618	96.8691236685	107.488047562	59.0070910287
4.32863753025	5.69672412504	97.2954825907	156.159827311	111.777977558
2.50036653713	12.1565567852	97.4903057763	117.131017835	79.5878104815
2.4968763825	12.1856494957	97.5722638132	117.158182882	79.5557149395
5.51336096856	1.24397185689	97.8960413004	193.391501822	39.5978884499
4.45396064988	5.4083049695	98.0351527791	160.357331045	112.352448809
5.50483234017	1.39874035558	98.2254029997	193.42564782	44.386808097
2.20603959738	14.058152779	98.6220067282	113.910915167	71.6446035548
2.28214279855	13.6788056389	99.426589309	115.788555993	74.6040540473
2.08960543018	15.0042228564	99.4486812654	113.16629119	68.6073587891
2.64697278507	11.6899020745	99.6707431025	121.682201838	85.7705990459
5.15765002703	3.35671898134	99.7110248125	183.28164249	93.5076928805
5.63962714544	0.239572012909	100.009708027	199.929301229	7.97931269077
2.22219366684	14.1845132197	100.233154185	115.746793275	73.3511395845
4.73489457962	4.80754922368	100.373111621	170.805189459	112.868560376
1.68275715396	18.9601577441	100.627579109	109.523537928	56.2229274984
3.43956225246	8.68708516876	100.960225415	138.127115298	107.623979291
5.57518656625	1.4829232085	101.044449545	198.693648007	48.2687542303
2.09387997728	15.2830542509	101.472897171	115.246686644	70.1685239156
3.33707552093	9.11692051641	101.78095546	136.765960688	106.318503978
5.30436177985	3.16711885071	102.950018477	191.342667002	93.3166744694
2.96494037982	10.6656794952	103.114140464	130.731477649	98.1858889733
1.67413038745	19.5718034075	103.312535417	112.117516587	57.4431201579
5.7481991573	0.403570523673	104.059375685	207.86323157	13.9640588262
4.75635241007	5.10115590184	104.217721077	175.289620602	120.84961324
2.35021519118	13.928020305	104.290172412	121.642795389	80.5625617238
3.10612107772	10.2404215793	104.423433109	134.733481801	103.462558899
3.46892851566	9.02879784304	105.407929562	143.21217495	113.77562974
2.91806807877	11.1253645789	105.440371331	132.19141389	99.205033779
4.8876869189	4.92546081772	106.549105703	181.600131304	123.22029531
2.63123599935	12.7017227061	107.225098896	128.975610535	92.0896558515
5.78319417116	1.26995950065	107.575167847	212.646786019	44.4788999153
5.14133217053	4.31937395796	108.45936073	191.502010785	119.564086684
2.57789902043	13.1522595105	108.54308958	129.420742609	91.529436871
5.06229565249	4.61203585594	108.911366214	189.420449926	123.77026027
5.53576813803	2.92992397348	108.926211302	205.199466416	94.0244393882
4.98778512002	4.84812686446	108.993605137	187.150148441	126.304279075
4.34301043132	6.75408250035	109.5597766	168.815679182	133.406418223
2.72966915869	12.5607968367	110.229385382	133.637686661	98.008972219
2.59889848186	13.253589288	110.272132783	131.491308223	93.7434121007
4.14470408305	7.46936312293	111.228338009	165.196413402	134.36905072
3.06069028706	11.1909611203	111.557958286	140.987848591	109.782919392
3.31840405395	10.1771206922	111.594847382	146.189454534	117.357830763
2.95712781276	11.6635677086	111.783931293	139.255917809	106.807124939
3.14880545863	10.8744403771	111.991802184	143.140617369	112.908644515
2.56452900011	13.7004471634	112.297602814	132.959257629	94.3579700322
5.92314711116	1.19526314605	112.440337423	222.658942698	43.9134122981
1.94144944285	18.3794414058	112.724361503	124.565734023	72.5459374662
1.93386977629	18.6177053017	113.719152832	125.468245379	72.9137142052
1.82926718696	19.803726822	114.292787695	124.805242968	69.3952641486
4.31192789893	7.33020975596	115.203235164	173.613994655	142.721039692
2.61536860029	13.7764437654	115.214802946	136.703777095	98.6805479771
2.60790685313	13.8661145577	115.596636017	136.963167344	98.75692369
2.16449797254	16.8708718833	115.661762682	130.380285971	82.771440244
3.69090177756	9.28412938923	115.847426046	158.644576002	132.444759229
4.60995026147	6.58649852806	116.432788793	183.196789334	146.580330429
5.60006883256	3.5531025769	116.680172016	215.202939579	116.687166437
2.38945506624	15.3878976197	116.896585587	134.833494748	92.0037739289
5.3421977746	4.47739853732	116.983925013	206.642079854	133.811763782
2.83687867356	12.8614510469	117.380598505	142.663761102	108.39271935
3.10349915787	11.6801406311	117.832007188	148.090907212	117.809402544
2.02355500871	18.495595054	118.281550938	131.145665598	79.3098184928
5.48752246214	4.15793071695	118.691950543	213.294424672	131.116844359
2.52447090695	14.7556627797	118.725396795	138.746620252	98.4754739254
3.88963406621	9.04805200596	120.3473816	167.87733221	143.351154987
1.96387711538	19.4472267383	120.593834131	132.710370537	78.5443435898
2.77972061782	13.6482474644	121.633602919	145.908207788	110.435271453
6.223958701	0.145749719881	121.731317902	243.429271981	5.91248090572
2.73275938012	13.950031043	122.040401291	145.501733011	109.09543527
5.23458329739	5.28096268199	122.279327268	208.361674963	151.532555252
3.11785285041	12.1245566439	122.624103689	153.163545971	123.425732606
4.57045696423	7.26892586205	123.288024308	188.912994718	159.007681535
2.46859013684	15.7071143834	123.308704676	142.453373215	100.235832858
4.17876600482	8.45081050342	123.764404029	178.623162997	154.533658829
2.45973175506	15.8704728148	124.102912117	143.110428281	100.552756187
5.83067585054	3.46097706978	124.202493764	231.006530804	123.215441052
4.21181942067	8.50854684995	125.622041445	181.352081894	158.06055337
2.65595654615	14.8486498906	125.86250846	148.023633455	109.687595413
3.60644737426	10.5963944414	126.819998044	167.681005597	144.326451099
6.30787348668	1.40920174374	128.083057738	253.08472954	58.7175246244
2.31390013467	17.5925028779	128.987175773	145.80768329	98.6382756323
2.31861533239	17.5827403448	129.18400374	146.073133776	98.9857293598
4.92211710891	6.80033619832	129.810411247	205.922520501	172.529310563
4.2837936358	8.66342240417	130.066447828	187.717462486	166.48503067
4.88199517358	6.94329900059	130.179905119	205.056237616	173.296254864
2.17171113108	18.9629290807	130.222756862	145.039542145	93.6565495047
4.03559825571	9.53376985599	131.253920939	182.418066284	162.595728866
6.43901121637	1.00079000974	131.817041023	262.070191315	43.4520171832
5.40104322387	5.58944145478	131.88432212	223.528563069	170.746706485
6.38787948358	1.55348032785	131.929055671	260.121757399	66.3816134365
4.20228815833	9.12096778356	132.57950935	188.057603283	168.671302487
3.44791278404	11.7552485465	132.69630548	170.043881167	146.343344938
6.4813592967	1.44773401387	135.22429442	267.196376207	63.6868238948
5.06276583069	6.88407943905	135.914256499	216.438296024	184.777961615
4.48650276497	8.56510260541	136.282368147	199.518566374	180.541508728
2.26032605034	19.0772075109	136.415252914	152.4658818	102.067059312
3.78754131672	10.8326527061	136.548418498	181.61603923	162.733961228
4.37692586536	8.92848730503	136.729779872	196.914778398	179.120331765
5.91185599841	4.38822825644	136.741316807	246.540109942	160.607388853
5.63288953418	5.37091011432	137.731042047	237.412031804	178.45921203
2.83030422071	15.3027633463	138.374728204	163.540839372	128.370347853
5.04432312448	7.1626529224	138.831669836	218.770109981	190.857100638
3.50781252305	12.1070666947	138.908495226	177.565003337	156.005640626
5.44330025345	6.04829432724	139.148487346	232.232362322	187.666224326
6.47846366581	2.21459291978	139.345240245	271.199427913	97.3344501505
3.67410942618	11.5267181078	139.64312366	182.051734456	162.944033994
3.07500313645	14.1504213652	139.88925819	169.595040824	140.116447084
2.67210287166	16.4724360949	140.088038158	162.519429914	123.166555739
6.64497074515	0.940915411776	140.102780886	278.821803199	43.5076220002
5.86741498013	4.88628955785	140.747223224	248.901446651	176.157617522
3.68971594781	11.604637686	141.151814879	183.921469126	165.442113831
2.50852276222	17.7694677365	141.425370556	161.194428075	117.095209917
5.93521074668	4.73026382957	141.515907384	252.183932905	174.496319403
2.67660389313	16.6445388257	141.758707312	164.265731793	124.873014272
3.68270364296	11.7671955804	142.652749362	185.25999064	167.122580421
6.69961734521	1.12099709041	142.970276974	283.980262905	52.6905946491
6.60022137994	1.9948081309	142.970991576	279.82794813	91.0011232346
2.58525714399	17.4135471123	142.979917578	163.976923297	121.877449434
6.74740443786	0.554572670047	143.511041373	286.539796131	26.4399461399
3.07862236308	14.5403597944	143.748767373	173.524517565	144.316706977
6.7243904512	1.09075750275	143.911460113	285.966196403	51.6490898031
2.43227081487	18.7916220812	144.788418649	163.373896429	116.417091547
4.87293569132	8.11798297247	144.946854734	219.545550164	201.863646423
5.2469226137	7.13372657408	145.971693872	232.46035825	205.662161142
4.67838187454	8.79680333137	146.438999199	215.199844884	201.625212131
2.6902510378	17.1794112014	146.964268477	169.701390258	130.203454873
6.75609588938	1.55334346069	147.13879763	290.536265467	74.2485063149
6.09007315994	4.69988451558	147.181145173	263.699647121	182.541167695
4.04310919067	10.8786892569	147.413490712	198.768263646	186.224205537
3.39239712031	13.4976722642	148.325677499	184.480251144	162.667528637
6.77588575835	1.76183632657	149.034893191	293.273667427	84.7083707161
5.63847789338	6.24512811482	149.042511013	248.921384822	207.918787632
4.0306397034	11.0877512726	149.389114214	200.427605708	188.634033007
3.38129506604	13.6930838384	149.825979301	185.744299215	163.944188637
6.71238589879	2.37534451409	150.149488113	291.697477698	112.07508018
3.27288655717	14.2616786874	150.451501845	184.103571357	159.97833418
6.29558485294	4.32175239749	151.030503929	275.545608112	179.374483342
5.21326475554	7.6285102999	151.327599066	236.710210763	217.114044254
4.57778816325	9.51378061879	151.838181114	217.673850621	208.78203886
6.85869396052	1.76487209358	152.600065512	300.385870748	86.9410144956
5.79536382379	6.08139228359	152.946423512	258.46071417	213.891264338
6.48361988668	3.79187175249	152.991426554	285.055583715	166.923449019
4.98289572307	8.46457805879	153.761130558	231.764519283	220.088590904
3.85043208667	12.1680421439	154.384130187	200.960840172	188.915790006
2.81739147046	17.2975404082	155.119749775	180.056753124	143.78294103
2.54969218865	19.340167958	156.257010186	176.680284922	131.663187885
3.64782155196	13.1745820274	156.660847156	198.464770479	183.583072295
3.13748899993	15.6066290548	156.90781163	187.833138339	160.880034112
3.39163877228	14.4509594117	158.16109862	194.299509837	174.078237904
6.73789417219	3.25560416247	158.402123782	301.027973139	154.777769614
3.11963320389	15.8970699068	158.772696548	189.347025996	162.014084197
4.57712500104	10.0651067635	158.993193194	224.809789488	220.817022835
4.69877778771	9.72356859116	159.416410636	228.778103931	224.814394118
3.31577444138	15.0396121363	160.427130443	194.966931509	173.155070432
2.68657248592	18.8205811283	160.458121379	183.133105837	142.252128193
4.51371000824	10.4621292979	161.573673468	225.579156561	223.211213298
4.38653390593	10.8922867248	161.818307395	222.267827008	219.477833334
6.87741062458	2.99437639443	162.066871123	310.660361154	148.314946304
3.30497414028	15.2589290753	162.105284598	196.420442694	174.537521198
7.15410240793	0.919677606281	162.113569336	322.903992395	49.2917837971
6.23250393022	5.48902076925	162.612310993	284.644666651	223.279378242
7.20175344832	0.0967172719989	162.954189883	325.893686838	5.25302121544
4.92110005343	9.40865247948	164.1538299	240.234488363	238.605491961
7.09704773831	2.02688801197	164.56279169	322.798802527	106.908891143
5.26106642338	8.45443400017	164.582538872	251.538116166	245.053396391
5.45003054452	8.01873106883	166.004320279	259.318522022	249.420496227
6.92330868306	3.25428608956	166.389265337	316.972722532	163.347216689
5.6092671657	7.63359980082	166.931649213	265.778337619	251.518686976
5.25725312776	8.64197171696	167.068313761	253.897883464	250.126228521
4.51401791746	10.9009668841	167.318656883	231.332872726	232.605615671
4.13297401934	12.2061121521	167.324288979	220.987322978	218.339003804
4.31309483215	11.5909207387	167.577916789	226.020295862	225.800327873
4.04318785483	12.5756857789	167.78981144	219.146582747	215.282206191
3.19849713854	16.4644172399	168.533574592	200.673273638	176.387138352
6.73407347721	4.31898733802	169.24757356	311.711717983	205.100278628
4.23759443883	11.9962301627	169.374520642	225.788749064	225.586022865
4.93108026913	9.82153959098	170.249642204	246.639203685	250.087700807
7.10224253922	2.80304240193	170.36310094	328.830843461	148.063933876
5.44558716726	8.34274032542	170.440340567	263.602447317	259.075754928
4.8747427924	10.1128559979	171.926835764	246.580870475	251.655167565
2.75249651296	19.7322079631	172.280864073	196.082314743	156.551724816
6.5089473438	5.3791252083	172.667105734	305.765062673	238.650191781
5.80036525885	7.50310831121	172.815925302	278.512413524	264.350733082
3.37088938028	15.9735086635	172.884442724	208.582030852	190.071911076
7.25174651819	2.30318450476	173.341914566	338.55144731	126.836011951
3.13683554211	17.309795086	173.360447098	204.272893256	178.362702867
7.01112358692	3.62040650268	173.80137349	328.229043143	186.363646469
2.75849974377	19.8883236385	174.003788755	197.909175194	158.479354064
3.09857457555	17.6189374354	174.142949695	204.30589724	177.146361891
4.18521067322	12.6314028318	174.959543746	229.987644158	231.694034461
2.80262113214	19.6786529942	175.012881821	199.689103174	161.864932404
6.36510983872	6.02224202176	175.220755328	302.501198121	255.504543712
4.28897704198	12.2821531968	175.292600969	233.083215917	236.597728709
6.52145679412	5.54480742921	175.376055575	308.986102148	246.947326285
5.10765156481	9.70846182187	176.027431984	257.985629451	265.229343699
7.49632832012	0.98981271544	178.073910451	354.61551573	58.2477085697
6.0368687967	7.19283763654	178.093625997	292.585152809	274.50632104
5.33356274727	9.21437782665	178.394395046	267.762940648	274.491848332
7.49931983068	1.12199823424	178.649036425	355.331572419	66.0791644688
3.70705343024	14.9501174665	179.382566729	222.555103088	215.144829964
4.43628349548	12.1014703494	179.633869134	241.462332863	249.405106852
7.53134498723	0.977846244805	179.690463205	357.885234335	58.0823625976
6.55929178305	5.76394109324	179.936442912	315.101295035	259.694081837
2.93729223448	19.3110618644	180.247727104	207.352401025	174.473344965
4.23559371579	12.8789283209	180.403620478	236.764591042	241.956299994
4.65236929928	11.4810779558	181.059457068	249.057785226	260.231368817
5.96788646931	7.61861200799	181.444995033	293.334918835	284.148639018
5.62382096221	8.59317221148	181.4453204	280.805609187	284.606690843
5.89201402193	7.83399950146	181.445755955	290.508750042	284.799813768
6.90395213054	4.72459681552	181.448916277	331.191532166	235.824495394
4.15417534958	13.3157306878	182.040496879	236.255504279	240.637479261
7.50588196214	1.96055878045	182.93007349	359.921949881	115.667659109
3.042373803	18.9323104354	183.274658869	212.353360973	183.509005099
7.60293636359	1.1957292078	183.830792959	365.429429564	72.3809312953
5.11766549438	10.248764367	184.176611811	266.456494558	281.089043471
4.2732645172	13.0876039123	184.827739201	242.195701764	250.269723759
7.58716296758	1.62356023752	184.940105453	365.786018179	97.8714110068
2.97883298387	19.5486212706	185.05321942	212.929972015	181.650692913
5.77003797319	8.44382361902	185.385913127	289.980019868	294.391396302
7.66926517602	1.12476510048	186.757665855	371.53869495	69.2784175856
3.22855685988	18.1562610521	187.044369975	219.791010435	198.185517585
4.83784639968	11.4542835166	188.979298945	262.507514067	280.73767416
3.17239893748	18.7696201907	189.718396858	221.335746666	197.815215772
6.53348044797	6.5567789723	189.988980339	324.092156573	293.094962017
3.61262425017	16.5059528856	191.766987859	232.768083142	225.587382333
3.36353006464	17.8492332519	191.929580613	227.471469152	211.465152918
3.64621432202	16.4543554543	193.055574548	234.822668374	229.083536038
6.40342125036	7.17867700717	193.517453239	322.334701742	308.245806652
5.44287696269	9.9296420952	193.624741795	286.694140255	308.048605574
7.15209630185	4.80855223015	193.643779685	354.344039813	257.578531408
3.10254150215	19.66912752	194.083785845	224.324014598	198.266305193
7.41865748419	3.7970969378	194.233953547	367.136151237	218.84213513
4.80466952771	11.941509122	194.29173261	266.814925488	288.678789768
5.99249427486	8.44727999924	194.979795388	307.79434873	317.65870669
7.06132431843	5.28216951773	195.624954848	352.271993769	275.812071344
6.35959919373	7.44977952328	195.698676157	322.75882622	315.523368053
6.10728784749	8.18468764805	195.936610733	313.114764699	319.688863128
4.765447399	12.1924064272	195.980870385	267.32483392	289.951533181
7.57086810543	3.32838325916	196.703221691	376.773167231	199.780597404
6.40846685339	7.38869488583	196.911945207	325.932277888	317.763957416
4.43215087728	13.4311334479	196.934624588	258.647949406	276.293300383
5.5332091849	9.88664666651	196.945251656	293.129521177	316.979962543
5.11966150027	11.1575370241	197.446756192	279.790833505	306.252363777
5.09917117427	11.2231078517	197.475704802	279.161972785	305.591265192
4.74831889139	12.385711983	197.873365416	268.705385636	292.435000539
4.21501883036	14.3662620123	198.255136467	254.069877106	267.283062725
7.95016384122	0.32373324983	198.729250181	397.29394404	21.4273312148
7.84098536141	1.97293249982	199.168857025	392.317276558	127.022931395
5.72635988972	9.4936541419	199.453180057	302.469765497	326.001277683
4.073057754	15.1402749844	200.621299592	252.739691723	263.028929537
4.39953627735	13.9889901569	202.686228934	263.494643299	283.549436673
7.14870500246	5.59036540128	203.80991855	364.357816778	299.173805168
6.95334661144	6.23862164386	204.067958063	355.960912688	315.867558091
4.80383340027	12.6723700541	204.527604445	277.025557977	306.240298445
6.00373741053	9.10195062361	205.657663489	318.895939958	343.563067042
7.08241934287	5.94634956026	205.761770367	363.346143098	312.350588497
4.64960878931	13.3078462413	205.913343054	273.831000758	301.279248599
3.94672995617	16.152178336	206.163097922	255.098673042	263.47204544
7.79576563174	3.18333632461	206.231506985	397.158538859	202.594985304
5.43160335414	10.8057839846	206.372353479	299.056609537	333.842016578
5.11853426002	11.7689918688	206.373331821	288.681152307	322.893356681
6.55377171308	7.65670832603	207.51003328	342.44748113	344.392226816
4.9048515013	12.5745731837	207.980709828	283.559789504	316.791556184
4.48240938805	14.1926106038	209.589735487	272.710595988	298.616598026
5.19705975205	11.7584984525	209.897299385	294.749926459	332.579828047
4.13025716046	15.6579541488	210.120589395	263.713094536	279.716329403
5.80189175708	9.99763039406	210.691196817	316.443325237	352.423564441
5.37359620695	11.2931663689	211.129415825	301.844588204	341.487177955
7.90587520129	3.20991370976	211.926190684	408.284724965	210.09798374
4.10924795275	15.9088919013	212.117753786	265.16643204	281.315229283
4.83328586204	13.125848413	212.388339806	285.777993217	321.100488584
8.07515348684	2.2311948809	212.533277345	417.390577311	152.358852999
6.12258639006	9.20337682087	212.617713794	330.383657394	361.281451873
5.91310170289	9.81257489408	212.822328278	322.667398338	359.287658904
8.00492768549	2.78175067286	213.1183905	414.428089103	186.66446318
8.23619448963	0.289804367484	213.241507452	426.351129916	20.5866997809
5.58549122214	10.8715209229	214.471029637	312.48153307	355.174412913
5.17134345843	12.208216997	215.398230125	299.413192669	341.890964575
5.71725311955	10.6340998833	216.85675463	319.545941023	364.002355013
3.6120188905	18.7835609069	217.051403219	258.038758723	256.629496171
4.01383862086	16.7418619882	217.094838238	267.708724811	282.45690123
7.93979306144	3.62991396507	217.762859629	415.809846526	239.631174493
5.96747447549	10.0122766895	218.514646328	330.389121992	373.372734949
6.82797882093	7.56471854056	218.593614342	365.05873152	369.322462488
4.03424512317	16.8103740443	219.103249774	270.233090285	286.503914608
6.91589065684	7.35489312902	219.34927997	369.610222697	368.384391741
8.33159197044	0.995076783465	219.624848704	437.699837182	72.3337860296
4.81419726499	13.7001701974	219.625289394	292.436396784	332.508187835
4.75699451508	13.9418714465	220.149229455	291.240319612	330.380946653
3.97562981303	17.1942918455	220.419236672	270.074095338	284.593377146
7.30737396391	6.23764789022	220.559663591	388.313530393	348.796517776
4.77283436562	13.9241384407	220.707549019	292.272865933	332.161793421
6.17503199548	9.60815146082	221.56804341	341.360176172	383.660318464
8.09617787511	3.28837686371	222.263010319	428.188427752	225.720126112
6.72198208828	8.13580130606	222.865902573	364.818902327	384.967133599
7.17973040751	6.94363921273	225.290047977	387.234527121	374.828011891
5.85510720306	10.7874639476	225.772833117	333.473793242	387.273408156
6.56553074092	8.86718498024	227.5747979	362.996900012	400.270943279
3.68570855059	19.404735835	228.704413782	271.381214314	276.044013533
8.56952388704	0.556895416489	231.194963544	461.903285333	42.8268023169
4.73763660283	14.835295265	231.790383226	302.304060478	348.697074084
5.62293747702	11.8717279899	232.047740173	331.376813013	393.06924475
6.44752766306	9.47499528968	232.140950524	362.738882822	412.471597792
8.54597610819	1.42534203894	232.611499663	462.053659055	109.011185095
7.62268922647	6.03928973248	232.891744826	415.435214461	367.477633967
5.21979698223	13.2348537041	233.301175952	318.897890721	377.619999171
4.07435763817	17.8234174837	234.024168028	286.175831813	309.840292038
4.76468693687	14.891265796	234.035142226	305.356337677	354.020959447
3.77876382963	19.3695800469	234.277660076	279.136637757	289.633186341
5.93427590837	11.1127133347	234.86432562	345.497491868	409.811553941
8.68701653494	0.527206240467	237.514149073	474.592102206	41.6629921229
4.36087084672	16.7898850035	237.654899139	297.399177803	334.366522796
5.80484178653	11.6755542959	237.784514767	343.644211965	411.990214127
6.59233141532	9.4099366895	237.949784843	374.479736867	428.246068255
8.66239521125	1.29993372657	238.375570198	474.111543388	102.147047372
7.5369532162	6.67636185264	238.407933519	416.868189543	397.155081843
5.04878266018	14.1910419772	238.908009854	318.987854861	378.805480674
8.62983654189	1.81181060235	239.068003427	473.035222078	141.301429118
6.46343876443	9.91242574989	240.28546776	371.528770199	433.646496864
7.21036282704	7.78698406545	240.395976749	403.725280532	423.947561992
4.23222842823	17.5839002978	240.471032429	296.742478106	329.823830131
4.95311538454	14.7053449763	241.456551911	318.530350362	377.798931615
7.19510314855	7.93186711517	242.068545606	404.70725576	430.009545576
5.43432224329	13.1288211761	242.583388166	335.360457072	406.017848969
4.44009370843	16.987530746	244.918828498	306.853543677	350.705959453
8.66748995086	2.47065575908	245.414471312	481.427819652	194.3692461
8.59781600935	2.99558833381	245.926189135	478.160383985	231.892681601
8.58815370527	3.07571574257	246.124118082	477.836632418	237.560609364
8.78432900123	1.57133943474	246.26715133	488.686376591	126.974296131
4.31354083787	17.7210948606	247.157348741	305.611815183	345.292381613
8.1302347398	5.32596808175	248.251694548	455.913221234	368.66622098
4.44220723791	17.2267375315	248.273985971	310.267678285	355.983022033
4.29201001501	17.9480677554	248.830666128	306.70304386	346.232452232
4.69610518529	16.2214717531	249.146328882	318.429140597	374.623057733
8.65818810587	3.04196431443	249.619640688	485.126687533	238.801344099
4.63886397641	16.4969447053	249.741090438	317.345208079	371.753796853
6.69843238625	9.84353465486	250.556856577	391.516966145	462.515241163
8.92389942376	0.553191304464	250.664047789	500.847860425	46.1331698895
5.28272237409	14.1609280529	250.83770725	338.510622523	413.843281787
7.72457195806	6.90263812752	251.394267844	438.849997386	431.313021987
8.49074548971	4.10089221974	251.519225154	478.005307115	309.598337131
7.12825668842	8.67962206187	251.520382891	411.151125201	461.844837568
7.38768356265	7.9676829595	252.181330494	423.642760977	455.383439289
8.88980981842	1.6006334506	252.268366438	500.544408239	132.466312496
5.85145525907	12.426882243	252.500157759	360.066809424	445.572704507
7.22033571322	8.48614016012	252.741650348	416.523078681	463.290718819
5.709674063	12.934058445	253.604520691	356.021628424	441.556285729
4.62212985597	16.8447135747	253.640815034	320.758065652	376.856954197
6.21342508412	11.4131644328	253.66076576	374.947137788	461.420435806
7.27923237126	8.37499495986	253.754325109	420.218598494	464.712483532
4.11996812286	19.311477225	255.578552454	308.904377601	343.26681928
8.49890298606	4.41139864941	255.668939553	482.59042425	333.680377037
7.99565585237	6.31675937507	255.958463777	456.802092217	422.893624291
4.35559722332	18.1997290432	256.068703064	315.668570976	361.567149005
7.5715424761	7.66094531289	256.210873252	436.312899472	459.91725787
4.90755758477	15.911729576	256.722877502	332.38537651	401.307074424
7.61351856758	7.58068818952	256.980004092	439.08451135	460.159162476
9.01698801621	1.09731436758	257.315004019	512.745565285	93.4292082655
9.04197747775	0.563593302185	257.346771213	514.195082424	48.2526626253
4.67796318917	16.9184396215	257.967182255	326.715721176	387.7060016
8.68219596738	3.772909345	258.208605481	495.02351475	297.827061405
7.95729933677	6.60879387828	258.58113748	457.502426083	438.209931461
8.58167077814	4.33326537923	259.185092934	490.547914326	334.185501326
8.27589016327	5.60763216839	259.911411199	475.080216717	402.195838484
4.47761255059	17.9707269082	260.51992037	323.505755946	377.300416737
4.46529206562	18.1040690924	261.577078337	324.216770337	378.011103968
8.7538850162	3.73051406058	261.690715275	502.432540154	299.36358756
9.12278143648	0.714523392131	262.260225981	523.719717973	62.2729743744
5.20213803984	15.2056088462	262.64616501	347.664699967	430.919529078
4.15507574294	19.6871281134	262.648326833	316.886838355	355.933508342
6.08539713364	12.3694440221	263.545635651	379.885277872	479.685564004
9.13994516206	1.32832692067	265.201357314	527.645601717	116.203918338
9.05682831959	2.3731490515	266.392336182	524.085052528	203.847741792
8.29134180597	5.99120044428	266.455864498	482.4288893	431.312560715
8.67644391892	4.58575737876	267.501972973	504.003201322	361.512417663
8.92096964592	3.43797855239	267.943422333	517.962987787	286.52063457
8.15624829296	6.56561545402	268.292399868	477.28492289	457.388179643
9.2417406846	0.34415836462	268.508697226	536.831405972	30.7818348775
9.1856800761	2.19576789168	272.545506878	537.622785728	194.016059238
6.63776582416	11.2780841772	272.893743484	411.312112026	520.364670696
6.34521630888	12.1558183302	273.341075716	399.827156589	512.51394013
7.91155577074	7.67821944676	274.021892719	470.662705431	503.283770732
8.72199142292	4.94520261183	274.732097437	513.722897545	393.952642966
8.20652543949	6.80929416176	274.925672197	486.502700471	480.230074463
8.3064555462	6.48096962202	274.933361323	491.694469714	468.274052906
8.1974414262	6.86534794367	275.365982032	486.47486948	483.111988777
6.71412321586	11.238436639	276.135133871	417.756404571	530.533892497
8.63207769051	5.44716277413	276.800232947	510.88898887	425.03985237
5.27424811166	15.8740615639	277.16412641	364.555986828	462.421257491
5.14405261965	16.3940851094	277.672925142	360.803479681	454.283128768
7.54948104152	8.96527919404	277.980502376	457.034520081	535.089753179
9.388001505	1.28768833414	279.475390234	556.358314966	118.846304034
8.84212973474	4.80140824094	279.496205153	525.116154892	393.107216939
4.81802274232	17.9091169117	280.715411471	353.642279762	435.351936742
8.43795472683	6.42942426094	281.212041225	504.890547808	479.374672291
8.14638827841	7.41966205995	282.001357585	490.488887703	515.635672396
5.64229043463	14.9245144403	282.822871832	382.836860497	497.553406022
7.71919656439	8.75127360632	282.98534411	470.180270143	546.064671809
5.03756732914	17.1814552775	283.36003877	363.084501306	456.594095856
7.66757416896	8.92490463747	283.431074352	468.130627173	549.475298502
7.40549417557	9.686172488	283.665013781	455.954177155	556.274184753
8.60310729062	6.01475587395	283.712041007	516.232167671	466.183932555
7.12053827807	10.5054536883	283.900053336	443.185289422	557.787890314
5.85830104344	14.37991983	285.773379781	393.591869263	516.807078314
8.55435280528	6.34031825063	286.153275125	516.04544968	485.863183336
9.2314692164	3.51084000594	286.43460084	554.161201842	313.315087151
7.81835424147	8.65967764922	286.563511688	478.598587249	554.320617234
6.81096407902	11.5926476808	287.694862365	433.430931835	563.155635916
9.39611579263	2.59563429402	287.750173254	565.111938693	239.976570074
5.50100587565	15.7757452483	288.734904232	383.802845749	499.922542216
4.9068873026	18.0869515697	288.896783684	364.538615891	456.043385254
4.6427162898	19.3463442472	290.188087693	357.904534725	436.688565159
7.28885259353	10.3942820758	290.702712607	457.607274596	578.284365681
8.89651532234	5.49376305449	292.239099267	540.889827114	455.342727373
6.97693074913	11.3886321482	292.742343216	445.66741652	580.535802034
6.49826045451	12.8104269564	293.246498925	425.907753782	566.482438432
9.58430520705	1.73795644275	293.289469585	581.872734789	167.181715011
9.42492441247	3.07002480285	293.496837838	572.562000551	285.578990379
9.64037552459	1.14626079851	294.026342035	585.996036628	111.557805089
9.67287398394	0.658783717388	294.622448501	588.563966407	64.5479619534
9.33200318801	3.74521391641	294.800392611	568.390021086	341.550561317
9.48225212259	2.8354199337	294.828594804	577.298945928	266.974021418
6.34561034215	13.3784829049	295.184564461	421.686355207	564.134014979
5.32145113466	16.8541619167	295.475849381	384.438974335	499.799637529
4.71041713595	19.4708609858	296.445696698	366.15144747	452.410327732
4.78093124217	19.1682275567	296.721862048	368.530198937	458.812847323
5.0983626652	17.9322622521	298.603624113	380.263990298	488.11836734
8.10013627545	8.63931100287	301.365464301	507.492293937	593.597929087
8.82603611277	6.34346994867	301.377859404	546.104513665	517.47205898
9.3398747497	4.27562714753	301.402242105	575.453611938	390.580492225
8.23932756122	8.23371240321	301.509097737	514.780886041	585.33952287
7.2816225734	11.0104020457	301.971288756	468.544900204	611.347477417
9.08984143245	5.53821384233	303.959304604	563.534080172	479.193538389
8.01138562523	9.09006908028	304.956417832	506.59105886	610.957605306
5.42948320761	17.0343971891	304.961984236	397.573898541	525.862710904
9.57071441671	3.42593191351	305.646325492	593.411734052	328.621565596
4.86939027201	19.3783199412	305.658286609	380.148469448	481.164865174
5.24393607641	17.8168150959	305.969146248	392.359380316	513.066275491
6.00836927817	15.1832560986	308.221148962	421.634218897	573.993228585
9.12625111599	5.72225703193	308.83922799	570.49764027	499.092229879
5.35251973446	17.6213887137	309.679360023	399.684316675	528.670775772
8.74602097494	7.19680789262	311.208598561	551.518077513	576.487051597
9.06478516248	6.21641888573	313.015878284	571.161583487	534.913945698
9.74628663144	3.18770769201	313.976367524	612.396577594	317.09213303
9.93633547329	1.98385538626	316.293582452	626.465421038	205.112024215
5.65061825125	16.9033401445	316.389387271	416.698827874	565.18819807
8.75413308328	7.53391750508	317.637961875	558.393431203	604.610614936
6.5510317574	13.9831606271	317.799715234	452.624359235	628.424884514
7.5538152864	11.1276669014	319.166738684	498.426409394	664.913968171
8.33362886139	8.96877745584	320.529459698	538.711090284	652.274163228
5.50513879652	17.7077656135	320.712766007	415.923610798	561.990441144
8.1134674829	9.63312219346	321.027868124	527.833743321	664.062088699
9.91443255447	2.88122995891	321.581577665	630.387483933	296.580276209
5.35566861525	18.3731437746	321.999876873	412.110764286	551.873430033
6.87354261841	13.3596157717	324.429440817	472.855833392	660.973191728
9.95512768624	2.98945550015	325.081183349	636.427363757	310.25185049
8.39946362581	9.05360503544	325.884008592	547.526477971	668.887792277
6.1692015576	15.6420209704	325.886382547	445.452407701	623.418090938
6.18036385913	15.6295843402	326.331041719	446.330134079	625.17864493
9.69327327315	4.66370668479	327.570833517	622.753455315	458.881722172
9.52151367419	5.42631509967	327.819525745	612.633873595	515.164132114
9.93356679563	3.46405008969	328.307364006	638.306373041	357.950698351
5.15528720112	19.6093146222	328.380712777	411.874777146	545.753792427
5.52429376427	18.1277677781	328.893105578	424.767669701	579.330611416
8.83938467076	7.90601862963	329.3260664	574.793533007	646.890121322
9.76554540906	4.54401196192	330.44670876	630.047447775	453.796447295
7.78257450451	11.0550973802	330.553549729	520.834997297	701.193310838
5.58892409577	17.9937354187	330.825316261	428.956332305	588.581179691
6.30122720092	15.5192135347	331.574614144	456.3130089	645.280594731
8.24568251066	9.80496833557	331.87055785	545.471463816	698.116706481
8.77434169351	8.28282650015	332.610980496	574.479283983	667.784397889
8.87301516201	8.04695041294	333.904709814	581.24354999	663.441127363
6.24085465271	15.9009251538	334.909465347	457.269054184	648.543554651
9.94879405943	4.03799089791	335.586587	646.536725633	418.537943168
5.31758501908	19.7098124212	341.038884534	429.872790304	583.633206461
5.46906130177	19.0896544415	341.185146908	435.152167164	597.932648525
6.90764656612	14.1360131065	341.432471389	491.335390379	706.343209184
8.37585645187	9.96719784567	342.581538175	562.979880631	732.251294706
6.03296961451	17.0525313155	342.829405776	457.173081387	649.949703028
6.46168458576	15.710166402	344.838479245	476.010552429	686.91169901
5.99954619817	17.3256233508	345.580239136	458.660467386	653.061814364
5.82024439043	18.0163601032	346.189710352	452.611930443	639.113680042
6.07925433949	17.1299962593	347.149329851	463.254216719	662.958759242
9.93735847526	4.9921337259	347.182148432	657.417858199	516.246049901
7.26787063632	13.3821629981	347.705368772	513.650398691	740.234479702
9.65547676648	6.23298995487	348.609716657	641.494844121	608.516685805
7.50095853931	12.7530867386	348.65433862	525.414098372	751.410849339
6.34679149666	16.2946114672	348.674424631	475.223313153	687.354990023
8.2577804887	10.7010282067	350.659798316	564.887950062	764.153831501
5.65439198429	19.0266938596	352.595574055	453.039041569	637.035702191
8.88670955733	9.06605351207	354.428657623	602.531560436	749.771397801
6.39097524173	16.5751580506	356.674481749	484.991465648	708.958096233
7.80384766767	12.2820250654	356.753709182	548.076822486	783.278424398
9.7907411958	6.22590136073	356.8789891	658.027703997	624.974064619
7.05846090664	14.4692909226	356.995313103	513.515335047	754.911244242
6.73210929461	15.4919840002	357.247598434	499.6286476	735.254978535
8.90000030813	9.18639964852	357.627963555	606.473534877	761.998289641
5.96741750183	18.1443763236	358.080485473	469.952824934	676.617942465
9.67067300792	6.76497065777	358.55969137	652.367456964	662.533637757
9.83208153389	6.29677449646	360.639965306	664.337184541	637.437634909
9.89775320045	6.21998862653	363.494055563	671.261808527	638.103974349
6.84760202973	15.5589663589	365.692102182	513.000293328	763.987730143
8.06166248306	12.0665642023	367.532546913	571.705916361	821.223690284
7.35933543991	14.1617289717	368.990519564	539.138606281	803.197029712
9.56986474319	7.71224311912	369.514816792	657.229132865	739.640918138
8.41214692612	11.2135345727	370.464304556	592.776645386	830.969039944
6.30457935683	17.6209866058	370.67485988	495.546007751	733.450941364
9.72381397138	7.30609488082	371.549741146	668.595363208	723.414499573
9.77771166702	7.17551230787	372.546997821	672.894708002	718.382897015
9.68681126353	7.49911638326	372.802816163	667.592002827	736.886139773
9.46956738339	8.21285340386	372.907239934	654.622355678	771.228315751
8.91831032416	9.88581049716	373.030697991	622.901225078	823.390893205
7.05876557019	15.2815109656	373.285236393	529.818770341	797.356305169
7.72977580676	13.331479455	374.221089978	561.929472961	834.143483755
9.22296933794	9.05316444535	374.462827601	641.696636856	806.437206849
8.15969279416	12.1843168196	375.90789879	585.076980194	849.527452234
9.64986915218	7.79020545436	375.975665833	668.520694109	759.661958307
8.624184429	10.8725279993	375.99580162	609.656646896	846.828027534
8.37083130068	11.6407366896	377.056405957	597.190368821	854.173832714
6.46747879519	17.4267164513	377.677125858	509.084549195	763.333302032
6.81107269452	16.2859117222	377.728006813	523.468724471	791.17348737
8.93339792217	10.0774924783	377.954086491	628.670768252	842.198491548
8.77486973944	10.6048928157	379.447515418	621.344931383	855.098722906
8.93320925484	10.1780564106	380.059153159	630.765245098	850.566915413
5.91633120362	19.7154199889	382.588553729	492.553642563	722.669303493
6.90248066415	16.2763018051	383.374591803	533.053384033	812.07239872
8.16636672624	12.5320980477	383.754522111	593.265908348	875.205744811
6.83834640162	16.5148740711	384.007008781	530.917247949	808.734699868
9.46076915574	8.8080005575	384.19143978	665.383312553	825.579390717
7.67956349891	13.9895646991	385.02321145	570.300823279	863.984379327
6.6477034365	17.2106913744	385.315247371	524.148387333	796.471441471
6.91453717505	16.3924633509	386.470270474	536.672404999	820.727661806
7.53876690173	14.4848044563	386.736291453	565.282446836	862.068715719
7.06653320094	15.9513097051	387.31512426	544.193354084	834.137743305
6.12092722492	19.2063658681	387.629971194	505.332096447	753.543360352
9.93814721701	7.52349164687	389.16919625	699.454155637	778.142100032
9.04882434711	10.4202578545	392.326222022	649.563667728	893.493504694
7.21831504126	15.7232913728	392.33576526	556.025535187	857.913982433
8.02927333304	13.332542597	392.587460915	595.123521072	900.106883158
8.85043628926	11.0047459095	392.65837593	638.740027522	902.688682919
7.571700773	14.6751758059	392.806862126	572.916419147	881.0464712
6.19298973409	19.2497580216	393.425165981	513.915051816	773.133715459
7.57360518331	14.7297492599	394.080762567	574.280932158	884.767771553
8.65419013829	11.6912802736	395.471035073	630.760638697	916.94556714
8.12889004039	13.2934429186	397.924357818	605.517197868	919.874523169
7.76988841955	14.3829456411	399.039256943	588.700868702	909.29755071
6.45094062502	18.6457214684	399.85506744	530.591298873	812.557119045
7.46242454623	15.3775834736	400.717775916	575.666096798	896.760802648
9.63714787254	9.20494825077	403.484480597	695.258701721	895.25553545
8.4439389447	12.6779090579	404.079244267	628.075130026	946.599823001
9.41960194121	9.89178527607	404.213375947	682.963438645	919.111921964
8.86169924348	11.5271581018	404.785173049	651.493544012	947.948799043
7.27607476398	16.1796994955	405.519661029	571.839546992	897.001925005
7.52398274724	15.6319314314	410.069561532	587.916115591	926.695046122
6.66043919356	18.49642164	411.354001815	550.719608026	859.255004868
9.4208898998	10.2222914203	411.433607671	690.259903543	950.081217351
6.55249275107	18.93166081	412.395803179	547.280590351	851.197679725
9.95661683379	8.7232371274	414.061416237	725.50074966	905.586385414
9.33016903202	10.6180072812	414.315088536	687.797182384	967.94495458
9.42551996998	10.4244714093	416.149875498	695.250307374	969.824824136
7.07154370242	17.3903752199	417.063031874	574.163808526	910.680484437
7.67037792488	15.5158856118	417.081725485	601.916378961	955.957780138
7.58408548198	15.8720124214	419.122241804	599.821475773	956.020162029
9.02141157026	11.7376954908	419.569956736	675.25119773	1000.3695165
7.74876129709	15.4163606071	420.026823173	608.6584185	969.337565152
6.60219053114	19.227704154	421.664682988	558.603313239	877.671823241
8.8136543654	12.4239817878	421.777502568	665.818000977	1010.65156924
9.34461694646	11.0539189312	424.92744338	699.257175714	1010.80620721
7.70694645015	15.9323121588	428.516715604	615.117968546	990.996470363
7.21014743541	17.512077837	428.977923822	592.297469638	953.354866213
7.15468326917	17.7423383564	430.000538273	590.817072424	951.087120739
6.6113132828	19.6558497845	430.727986996	568.045315865	899.696263016
9.11788670305	12.0109176785	431.953886411	693.132886932	1045.66649154
8.22576420765	14.5533746921	432.005221283	644.575423268	1031.20459929
9.53486446735	10.8805796927	433.360866008	718.974490833	1035.88060208
9.31120747668	11.5260844731	433.43284043	705.804477118	1046.45949752
9.27216791048	11.6664152833	434.094481567	704.186933897	1050.33690459
8.07546636	15.168766135	435.965986974	640.839161707	1035.89109162
8.45149877409	14.1145013338	436.802582873	661.199733665	1055.75129472
9.3664457646	11.740963539	441.952406267	717.565291915	1078.65361375
7.13308292308	18.4129045803	442.499346003	602.346319647	981.08235772
8.52490612237	14.1673097732	442.820952517	671.133133664	1078.18979844
7.47268358593	17.3376554425	443.217416571	618.647091863	1013.84642153
8.62774583447	13.9044697647	443.537170602	677.391038845	1083.87134679
7.82639152735	16.254136663	443.560797839	635.990901326	1042.59506672
8.83314840441	13.3546144112	444.323416678	689.444646401	1091.16650232
7.36497921281	17.8598896125	446.995368989	617.404524216	1014.49623377
7.17036695553	18.5688222845	448.391001533	609.913356033	999.759965228
6.93549665014	19.4639976693	450.20995413	601.324059823	980.428200338
7.78978906935	16.7096001733	451.175757062	641.810155736	1061.80819371
9.12365804851	12.8461604905	451.623570434	713.133312353	1119.79870484
8.95986861967	13.3230410858	451.937493469	704.142181938	1120.0444755
9.26691289491	12.5153345859	453.36619038	723.152578831	1125.48897273
7.40870541307	18.0657646796	454.467947834	626.906562781	1038.41181311
9.85739954275	11.0758676152	459.164940956	764.42823928	1127.01862667
9.27991705447	12.726856355	459.196282154	729.74037857	1147.72528426
7.12607157283	19.4370439739	463.463767152	622.99665716	1033.61593279
8.07008782312	16.56001916	467.04509189	671.645452418	1129.39529683
8.89497548756	14.217758027	468.654351706	717.219012618	1178.01073431
8.2394300719	16.1393309925	469.057707853	682.334803088	1147.38321104
8.20070025427	16.2919434515	469.908654056	681.185424209	1147.36973065
8.30438185404	16.0393196326	471.2096336	687.862527434	1158.32167118
9.90762671917	11.5145347042	472.809507102	781.191594706	1183.62541662
7.26544093213	19.5107968894	475.209674773	641.043769878	1078.51844898
9.49622510909	12.8911717855	477.668403237	760.971860769	1217.37117949
7.7251243441	18.2136391561	480.14635742	667.628897932	1138.24644698
8.88409413811	14.8642070661	483.315611608	731.272499158	1228.56084
9.31356576239	13.6546925612	483.616099453	756.12572286	1240.34504253
9.22839984727	13.9832001431	485.72701716	753.275615044	1247.06186407
7.78214625911	18.2874466378	485.896408381	676.156915601	1159.79295768
8.43379090002	16.4249743784	489.205902545	712.663709017	1223.42958199
9.84049256418	12.414178258	489.731246598	793.94829454	1258.86822076
7.52868437093	19.5527841707	495.56142393	673.63031471	1160.58086298
7.92613125775	18.2939218815	496.449246777	693.815271026	1203.53287656
9.59271606505	13.4842247113	498.704730768	787.794719797	1299.38479128
7.55762888005	19.659221405	500.072007646	679.512724908	1175.88826325
8.48898837738	16.7832414791	501.588961032	727.981312634	1266.53250199
8.47142021101	16.8563475259	502.077723947	727.533996298	1266.78975955
8.45423746782	16.922602829	502.428176639	726.97078202	1266.61510969
9.53473962822	13.8028056518	502.507913872	788.114059719	1314.0553747
7.84977736317	18.8146965573	502.748927348	696.330739683	1214.06101936
7.83872334186	18.8734830259	503.272851594	696.309845723	1214.42681068
8.68535865037	16.3036412542	504.046091644	741.033562532	1287.91956904
7.56608010156	19.8636338394	505.240894181	685.083150385	1190.77357536
8.0512236329	18.2976980965	505.637987737	709.282941289	1242.07795966
9.13450919051	15.1669082675	508.084685919	770.216846349	1325.2448104
9.56270449309	13.9988101991	509.311004219	796.594941009	1340.54443479
8.8610983914	16.3328569086	517.277928102	763.952844937	1342.96870654
9.93212658443	13.3032145506	518.023635302	827.932760877	1374.26252957
7.86347329983	19.7274077962	524.63213177	718.890038989	1277.40165111
8.92074088981	16.6277923606	528.827803204	778.834546561	1385.68673909
7.94468799976	19.8115097824	532.752189613	731.043446508	1309.48305858
9.18451184835	16.0557278972	533.714409301	798.724267788	1418.30872598
8.20881143595	19.0826617736	535.718864894	747.413782695	1346.56750519
8.31128622327	18.933665724	539.904867838	756.918167403	1369.61909054
8.33876801112	18.8513207151	540.006370709	758.457179061	1372.69541624
8.65371288203	17.8932453123	540.357423049	775.621076159	1403.21008606
8.58993018912	18.1700186516	542.3704808	774.178865826	1403.98755984
8.13739384438	19.6248792296	543.117011478	751.144413242	1360.83754536
8.9325875458	17.1891349075	543.61550149	794.286698731	1436.2736756
8.1343368665	19.7083621657	544.854473214	752.725604868	1365.59984881
8.43684191743	18.7800118042	545.68961182	769.309124218	1399.85902749
9.7148455259	15.0283265277	546.155084079	842.653017975	1485.28925512
9.18174316137	16.5920302629	546.996792071	811.84689928	1464.80033131
9.57796637881	15.5004825701	548.269128177	836.470795594	1489.0883075
8.64001647972	18.3197638478	549.788882897	784.308412481	1432.11413322
8.6445750057	18.3569919497	551.046290427	785.813353194	1436.53902709
9.78926022062	15.0624773442	552.46466175	853.522278326	1511.55784299
9.80740031684	15.1192844357	555.260762497	857.435169104	1522.88693423
9.65442100524	16.0073112864	566.974556531	859.795637471	1562.42606461
9.05057930343	17.8299926025	568.537858238	825.875092434	1529.44032735
8.53572168319	19.6453144865	574.381400664	803.273269297	1498.88424757
9.21241264288	17.6748394676	576.853217015	843.475619857	1570.83605623
9.66115333124	16.7200636476	586.103229629	879.33283933	1634.27257919
8.90589365219	18.9790996439	586.566524582	835.741762885	1576.37389218
9.64113464097	16.8885875572	589.013062426	881.028740229	1643.91078088
9.09913416444	18.5954864317	591.792031453	851.897815584	1612.26452654
9.36833666608	17.8792534572	594.074204836	869.798383375	1643.2474908
9.60882069525	17.1753930287	594.096398962	884.15787415	1660.63994628
8.96864271209	19.0837607622	594.120114759	846.818995908	1607.48166423
9.07628067726	18.780744457	594.771230243	853.572085975	1620.15757892
8.8773671253	19.488839274	597.25766707	844.839192175	1608.35885
9.80990779112	16.8348782122	600.488952183	902.817893404	1696.5569685
9.73593073419	17.0695109559	601.047855421	898.834230822	1694.35593247
9.41807841389	18.2276910442	607.053371467	885.713271332	1693.10885372
9.97565169818	17.065648696	619.499041798	932.130320695	1778.41852568
9.65814691487	18.0059359306	619.966974184	913.014114339	1758.86267676
9.69787136638	17.9934686879	622.755527346	918.218260742	1772.13314726
9.48083320143	18.7621107878	626.123282442	908.509102345	1766.05134598
9.45062383052	18.8876269659	627.054666602	907.643786396	1766.55420846
9.58019464723	18.5997771931	629.692144039	918.027924555	1787.6604248
9.78483625678	18.0382974157	630.8237212	931.609291261	1808.55319037
9.64488083946	19.5405183544	660.279043937	952.521699428	1903.52432452
9.8398800147	19.6508879492	679.36713703	983.546312438	1992.46363081
9.77070521087	19.9199284892	681.047761975	980.965183523	1991.44452997