5.2469226137	7.00848565763	144.313836127	230.802500505	202.051521279
4.87293569132	8.11798297247	144.946854734	219.545550164	201.863646423
5.1733516367	7.26892586205	145.004247879	229.084473844	203.724309666
4.95311538454	7.90601862963	145.172372142	222.246170592	203.115628802
5.2469226137	7.13372657408	145.971693872	232.46035825	205.662161142
5.62382096221	6.08139228359	146.344790085	245.705078872	201.416297842
4.9048515013	8.13580130606	146.384983762	221.964063439	204.965458382
4.67838187454	8.79680333137	146.438999199	215.199844884	201.625212131
4.64960878931	8.97646445268	147.66676444	215.584422144	203.220146697
5.62293747702	6.23764789022	148.349729686	247.678802527	206.52659388
4.765447399	8.7232371274	148.813248214	220.157211749	207.450103841
4.44220723791	9.70846182187	148.996882174	210.990574488	200.621131676
5.63847789338	6.24512811482	149.042511013	248.921384822	207.918787632
5.85510720306	5.60763216839	149.128048361	256.829008486	201.315789521
4.96574695453	8.19843368987	149.529990877	226.997401997	211.703811063
5.11651478946	7.79020545436	149.812854772	232.055740485	213.562992288
4.98289572307	8.18468764805	150.001789852	228.005178577	212.811124068
4.74831889139	8.86718498024	150.045557525	220.877577745	209.360208604
5.8847129838	5.58944145478	150.046062495	258.838935117	202.697130738
5.89201402193	5.58791290298	150.310767087	259.373761174	203.144837299
4.9048515013	8.44382361902	150.469723692	226.048803369	212.725472693
4.9068873026	8.46457805879	150.824651093	226.4664833	213.425397741
4.65236929928	9.21437782665	150.868770789	218.867098948	208.854095744
5.44558716726	6.94363921273	150.964772576	244.126879326	215.62801919
5.79536382379	5.94634956026	151.176037598	256.690328256	209.141618618
5.21326475554	7.6285102999	151.327599066	236.710210763	217.114044254
4.9048515013	8.51541727247	151.424666502	227.003746179	214.529133505
5.80189175708	5.94634956026	151.429394106	257.181522526	209.613040775
4.57778816325	9.51378061879	151.838181114	217.673850621	208.78203886
5.46906130177	6.94363921273	151.864758516	245.831778772	217.49102885
5.82024439043	5.96408156956	152.374814927	258.797035017	211.570267144
5.93427590837	5.6636401106	152.932848267	263.566014515	208.862145975
5.79536382379	6.08139228359	152.946423512	258.46071417	213.891264338
4.87293569132	8.7232371274	152.965552519	227.564247949	216.914036544
5.50100587565	6.94363921273	153.09400082	248.161942337	220.039162196
4.89396405169	8.67962206187	153.199108015	228.443029674	217.696267483
4.61282809945	9.51378061879	153.221256353	220.068639984	211.9904476
4.98289572307	8.46457805879	153.761130558	231.764519283	220.088590904
5.52429376427	6.94363921273	153.993409155	249.867973278	221.90612765
4.41593134516	10.2080956056	154.300374638	215.562843985	208.457714709
4.21501883036	10.8725279993	154.413089988	210.227830628	202.282443458
4.44220723791	10.1603465575	154.7536644	216.747356714	209.959132762
5.19705975205	7.93186711517	154.826487366	239.67911444	224.346587441
5.17134345843	8.01873106883	155.01586799	239.030830534	224.564463465
5.46906130177	7.17867700717	155.057331368	249.024351623	224.85296258
5.46906130177	7.19283763654	155.250936595	249.21795685	225.296506629
5.04898791437	8.44382361902	156.05239111	236.138747412	225.411688968
4.32843695596	10.6340998833	156.124374507	214.983264208	208.637104035
6.09007315994	5.44716277413	156.326430521	272.844932469	211.565082103
4.57712500104	9.89178527607	156.727886398	222.544482691	217.014546045
4.23222842823	11.0153038758	156.896953717	213.168399394	206.61569122
5.85510720306	6.24512811482	157.466809048	265.167769174	224.202098024
4.62212985597	9.81257489408	157.503167542	224.620418161	219.531016127
5.93521074668	6.03928973248	157.886438743	268.554464263	222.785423413
6.34561034215	4.74389052239	157.944214937	284.446005682	200.036882062
5.65439198429	6.86534794367	157.993116938	258.436584451	229.859784382
4.63886397641	9.82153959098	158.29559645	225.89971409	221.325505973
6.09007315994	5.60763216839	158.389760003	274.908261951	217.797633245
4.20228815833	11.238436639	158.401452997	213.879546931	207.829014507
4.12252448691	11.5172008851	158.430428929	211.822449984	204.975544051
5.44330025345	7.49911638326	158.461385036	251.545260013	232.682270617
4.44220723791	10.4621292979	158.621499971	220.615192285	216.195341547
6.34561034215	4.81597893164	158.808870412	285.310661158	203.076653016
4.57712500104	10.0651067635	158.993193194	224.809789488	220.817022835
5.05680225559	8.64197171696	159.066490843	239.400939009	231.416009648
4.073057754	11.7689918688	159.358376443	211.476768574	204.46031107
4.96574695453	8.92848730503	159.380755647	236.848166766	230.555598912
4.69877778771	9.72356859116	159.416410636	228.778103931	224.814394118
4.41593134516	10.6180072812	159.5356541	220.798123447	216.828448529
4.57712500104	10.1771206922	160.460791871	226.277388164	223.274481342
4.03424512317	12.0083988886	160.552936385	211.682776896	204.662506658
4.57045696423	10.2222914203	160.77966112	226.40463153	223.612523992
4.01383862086	12.1245566439	161.048899349	211.662785922	204.556978241
3.94672995617	12.385711983	161.178904603	210.114479723	202.033979722
4.57712500104	10.248764367	161.400893377	227.21748967	224.846262282
4.38653390593	10.8715209229	161.552892694	222.002412308	219.059405751
4.51371000824	10.4621292979	161.573673468	225.579156561	223.211213298
4.38653390593	10.8922867248	161.818307395	222.267827008	219.477833334
5.44330025345	7.78698406545	162.470979331	255.554854307	241.614217063
6.23250393022	5.48902076925	162.612310993	284.644666651	223.279378242
3.93172508289	12.5756857789	162.748052429	211.312243484	203.576002272
4.23559371579	11.4810779558	162.837873087	219.198843651	215.694898901
4.07435763817	12.1245566439	163.722232085	215.87389587	210.771933879
5.59481517672	7.44977952328	163.756448558	262.094446277	244.198800591
4.98289572307	9.20337682087	163.832847785	241.83623651	239.298193247
4.92110005343	9.40865247948	164.1538299	240.234488363	238.605491961
4.32843695596	11.2931663689	164.459908541	223.318798242	221.567744561
5.26106642338	8.45443400017	164.582538872	251.538116166	245.053396391
6.60219053114	4.40229097586	164.589308127	301.527938378	200.947898734
6.56553074092	4.54401196192	164.692659839	300.114761951	205.119883968
4.36087084672	11.2135345727	164.834537089	224.578815754	223.314844775
4.0306397034	12.385711983	164.93135915	215.969850644	210.716018567
4.2837936358	11.483546864	164.947694017	222.598708675	220.679376193
5.46906130177	7.90601862963	165.17171899	259.138739245	247.635004237
4.81419726499	9.80496833557	165.20351147	238.01461886	237.970200813
5.31758501908	8.34274032542	165.274905375	254.108811146	247.039402646
5.11651478946	8.92490463747	165.36132155	247.604207263	244.6699707
3.86292608169	13.0742533845	165.446372769	212.325840106	204.304678168
5.46906130177	7.93186711517	165.537155376	259.504175631	248.444639292
5.79536382379	7.00848565763	165.575760329	271.090050987	246.49846425
6.12092722492	6.07160022765	165.78658552	283.488710773	238.213416827
5.44558716726	8.01873106883	165.82625955	258.9883663	249.013959944
5.80189175708	7.00848565763	165.83811576	271.59024418	247.054091764
5.45003054452	8.01873106883	166.004320279	259.318522022	249.420496227
4.62212985597	10.4645351276	166.11659808	233.233848699	234.116942256
5.41249033781	8.13580130606	166.156590677	258.189709749	249.587723449
3.87679116981	13.0876039123	166.244029808	213.460627302	205.984042029
5.12414662406	8.99406214663	166.635517511	249.123934505	247.301982941
4.1214805395	12.2061121521	166.811304935	220.176288477	217.126324702
5.6092671657	7.63359980082	166.931649213	265.778337619	251.518686976
5.25725312776	8.64197171696	167.068313761	253.897883464	250.126228521
4.43215087728	11.1575370241	167.166220322	228.87954514	229.52290218
5.26106642338	8.64197171696	167.222260265	254.177837558	250.4892132
4.51401791746	10.9009668841	167.318656883	231.332872726	232.605615671
4.13297401934	12.2061121521	167.324288979	220.987322978	218.339003804
5.62382096221	7.63359980082	167.517156322	266.877445109	252.825560231
4.31309483215	11.5909207387	167.577916789	226.020295862	225.800327873
6.55929178305	4.80855223015	167.594670058	302.759522181	216.649083704
5.45003054452	8.13580130606	167.665899528	260.980101271	253.061934805
5.31758501908	8.51541727247	167.714639514	256.548545284	252.15259186
4.04318785483	12.5756857789	167.78981144	219.146582747	215.282206191
4.36087084672	11.4810779558	168.255914612	228.000193276	228.642906919
5.44330025345	8.19843368987	168.286061946	261.369936922	254.380658863
4.35559722332	11.5221983621	168.553036235	228.152904147	228.907166813
5.0983626652	9.21437782665	168.671836473	250.332202657	250.816489162
4.9048515013	9.81257489408	169.039542174	244.618621851	247.208459918
6.73407347721	4.31898733802	169.24757356	311.711717983	205.100278628
6.73210929461	4.33326537923	169.32649205	311.707541216	205.658290336
4.23759443883	11.9962301627	169.374520642	225.788749064	225.586022865
4.65236929928	10.6180072812	169.434586576	237.432914734	240.668914498
5.11853426002	9.21437782665	169.496459565	251.804280051	252.805118682
5.80189175708	7.26892586205	169.521824723	275.273953142	256.234793745
4.93108026913	9.82153959098	170.249642204	246.639203685	250.087700807
5.44558716726	8.34274032542	170.440340567	263.602447317	259.075754928
3.77876382963	13.8682255027	170.636470439	215.495448121	207.371472769
6.71412321586	4.52923016834	170.831979522	312.453250222	213.811777244
4.0306397034	12.8789283209	170.881146056	221.91963755	219.107024522
6.40342125036	5.58944145478	170.988863421	299.806111924	240.005489625
4.83328586204	10.1771206922	171.073242348	244.462895758	248.965120105
4.11996812286	12.5745731837	171.269249814	224.595074961	223.516496966
5.91310170289	7.09176244544	171.526983979	281.372054039	259.665047557
6.60219053114	4.9921337259	171.678504215	308.617134467	227.871984819
6.23250393022	6.16914097507	171.704784338	293.737139996	250.944935191
6.73210929461	4.54401196192	171.779803333	314.160852498	215.660396853
4.8747427924	10.1128559979	171.926835764	246.580870475	251.655167565
4.70992855947	10.6340998833	172.092100724	241.78339213	247.034717935
5.44330025345	8.46457805879	172.096091354	265.17996633	262.63857525
4.47761255059	11.3886321482	172.139182506	235.125018082	239.107503973
4.765447399	10.4645351276	172.145444413	243.489407948	248.860470851
6.69843238625	4.71700280193	172.403528971	313.36363854	221.636410598
6.5089473438	5.3791252083	172.667105734	305.765062673	238.650191781
5.19705975205	9.21437782665	172.722994319	257.575621393	260.621388481
4.89396405169	10.1128559979	172.733275939	247.977197598	253.643648151
5.80036525885	7.50310831121	172.815925302	278.512413524	264.350733082
5.46906130177	8.44382361902	172.850952814	266.81797307	264.480315014
5.79536382379	7.51979424968	172.851761689	278.366052346	264.481918716
5.63847789338	7.9676829595	172.903758941	272.78263275	265.267733619
6.60219053114	5.10115590184	173.051736644	309.990366895	232.848433966
6.72198208828	4.71700280193	173.416499414	315.369499168	223.197565861
4.14470408305	12.6723700541	173.607957032	227.576032426	227.967807498
4.87293569132	10.2404215793	173.612445065	248.211140495	254.640696824
6.7243904512	4.72459681552	173.612458296	315.667194586	223.717118235
4.43215087728	11.6613794079	173.705465266	235.418790084	239.887498411
5.64229043463	8.01873106883	173.798962973	273.812951638	267.328426075
5.48752246214	8.46457805879	173.9077625	268.510236629	266.923342272
6.73210929461	4.74389052239	174.180073831	316.561122997	225.146703235
5.83387599133	7.51979424968	174.432182766	281.35348983	268.008743343
4.21181942067	12.495536363	174.478431534	230.208471983	232.125582313
5.79536382379	7.63359980082	174.49752776	280.011818417	268.484622716
5.93427590837	7.26892586205	174.94014135	285.573307599	268.06142778
4.18521067322	12.6314028318	174.959543746	229.987644158	231.694034461
5.35566861525	8.92848730503	175.178320362	265.289207775	268.184638104
6.36510983872	6.02224202176	175.220755328	302.501198121	255.504543712
4.28897704198	12.2821531968	175.292600969	233.083215917	236.597728709
6.52145679412	5.54480742921	175.376055575	308.986102148	246.947326285
5.31758501908	9.05360503544	175.405307742	264.239213512	268.089032201
4.35359669121	12.1014703494	175.899666967	235.444798841	240.194549276
5.72635988972	7.93186711517	175.993830763	279.010416203	272.37128879
5.10765156481	9.70846182187	176.027431984	257.985629451	265.229343699
4.6427162898	11.1575370241	176.2649772	243.981424232	251.8495883
4.64960878931	11.1575370241	176.565360364	244.483018068	252.597926807
4.23559371579	12.5756857789	176.574995927	232.93596649	236.259285333
6.56553074092	5.49376305449	176.577368348	311.99947046	247.992313781
4.65236929928	11.1575370241	176.685712516	244.684040674	252.897954668
4.14470408305	12.934058445	176.849745398	230.817820791	232.675413768
4.70992855947	10.9883662737	176.897735746	246.589027152	255.264478684
4.6427162898	11.2135345727	177.019331709	244.735778741	253.113573312
6.73210929461	4.9921337259	177.256272643	319.637321808	236.928412489
4.64960878931	11.2231078517	177.449852363	245.367510067	254.082399149
6.87568649038	4.52923016834	177.846581759	326.365577763	224.225572424
4.9048515013	10.4621292979	178.048648096	253.627727773	263.572701264
6.0368687967	7.19283763654	178.093625997	292.585152809	274.50632104
4.89396405169	10.5054536883	178.186016679	253.429938337	263.490511438
4.39953627735	12.1245566439	178.271643009	239.080057375	245.758354802
5.33356274727	9.21437782665	178.394395046	267.762940648	274.491848332
5.53576813803	8.64197171696	178.484503808	274.757758922	277.330249266
3.55674978511	15.574253721	178.504923532	218.247544114	206.320552157
6.36975012551	6.24512811482	178.509578767	305.975668959	265.347354515
5.93521074668	7.52838057816	178.752214203	289.420239723	277.71700465
6.21342508412	6.76497065777	179.299373005	300.585745033	273.499582653
3.70705343024	14.9501174665	179.382566729	222.555103088	215.144829964
4.43628349548	12.1014703494	179.633869134	241.462332863	249.405106852
6.98830749234	4.26794386668	179.774071929	333.198278111	218.268633257
6.55929178305	5.76394109324	179.936442912	315.101295035	259.694081837
6.87354261841	4.71700280193	180.015325665	328.44171824	233.375903219
6.1692015576	6.94363921273	180.018325945	299.5843511	276.741113591
4.41593134516	12.2061121521	180.077214986	241.339684333	249.258857187
4.63886397641	11.4542835166	180.098045229	247.70216287	258.118910114
6.87354261841	4.72459681552	180.108163821	328.534556395	233.751620566
4.57712500104	11.6613794079	180.138476498	245.955072791	255.837433571
5.14507072286	9.89178527607	180.223023044	263.38648699	274.211709389
4.9048515013	10.6180072812	180.226323771	255.805403448	267.499739437
4.23559371579	12.8789283209	180.403620478	236.764591042	241.956299994
4.69610518529	11.2931663689	180.44195895	249.724770665	260.807439731
5.65439198429	8.45443400017	180.675888451	281.119355965	283.06422228
6.52145679412	5.94634956026	180.813596852	314.423643425	264.830680562
5.59481517672	8.64197171696	180.950219379	279.288217098	283.278064998
4.28897704198	12.726856355	180.960411827	238.751026775	245.164285036
6.73210929461	5.28096268199	180.961349397	323.342398563	250.636335756
6.52145679412	5.96408156956	181.058570427	314.668617	265.620405424
4.65236929928	11.4810779558	181.059457068	249.057785226	260.231368817
6.40342125036	6.34346994867	181.324308525	310.141557028	272.382781583
5.96788646931	7.61861200799	181.444995033	293.334918835	284.148639018
5.62382096221	8.59317221148	181.4453204	280.805609187	284.606690843
5.89201402193	7.83399950146	181.445755955	290.508750042	284.799813768
6.90395213054	4.72459681552	181.448916277	331.191532166	235.824495394
3.77876382963	14.8238592012	181.606565457	226.465543139	221.661056353
7.15209630185	3.772909345	181.689578061	342.389838189	202.102504393
6.34561034215	6.56561545402	182.028249359	308.530040104	276.854037428
4.15417534958	13.3157306878	182.040496879	236.255504279	240.637479261
4.95311538454	10.6340998833	182.542940923	259.616739373	273.20349037
5.44330025345	9.18639964852	182.600366983	275.684241959	285.035225455
4.32843695596	12.7324094589	182.868863518	241.727753219	249.805161326
5.45003054452	9.20337682087	183.134964934	276.449166677	286.268587127
7.19510314855	3.73950657609	183.293078786	345.93178894	202.729508716
5.65439198429	8.64197171696	183.454374592	283.897842105	289.343201801
4.01383862086	13.9889901569	183.516692492	234.130579065	236.012387024
6.0368687967	7.56471854056	183.551938541	298.043465353	288.698725204
4.15417534958	13.4448023762	183.649224032	237.864231433	242.970020107
7.05876557019	4.33326537923	183.675540065	340.209074013	226.100447782
4.80383340027	11.2135345727	184.106326504	256.604280037	270.986102797
6.18036385913	7.19283763654	184.130365337	304.129457697	287.711329293
5.11766549438	10.248764367	184.176611811	266.456494558	281.089043471
4.20228815833	13.3230410858	184.431056832	239.909150766	246.378974945
5.52429376427	9.10195062361	184.783389307	280.657953431	290.88184957
4.2732645172	13.0876039123	184.827739201	242.195701764	250.269723759
7.06653320094	4.40229097586	184.830314517	341.708544341	230.207871821
4.41593134516	12.5717303588	184.854965971	246.117435318	256.725081914
4.93108026913	10.8725279993	184.944386161	261.333947642	276.849215351
4.47690685022	12.3694440221	185.015670129	247.981653329	259.61806816
5.77003797319	8.44382361902	185.385913127	289.980019868	294.391396302
7.26787063632	3.62040650268	185.394245647	351.339275566	200.262821802
6.23250393022	7.13372657408	185.477543245	307.509898903	290.181819484
4.38653390593	12.726856355	185.510244846	245.959764459	256.444117614
6.34561034215	6.80929416176	185.551981104	312.05377185	287.129301726
5.33356274727	9.70846182187	185.605802571	274.974348173	289.210371018
4.20228815833	13.4311334479	185.792482515	241.270576449	248.377894352
5.42948320761	9.44431661137	185.817621578	278.429535883	291.552080227
4.23559371579	13.3078462413	185.833894045	242.194864609	250.014376756
4.01383862086	14.1926106038	185.98607806	236.599964632	239.447727759
6.90248066415	5.10115590184	186.118141293	335.796933523	254.511618122
6.23250393022	7.17867700717	186.141246058	308.173601715	292.010288564
5.04878266018	10.6048928157	186.296043202	266.375888209	283.079391
6.20722400779	7.26892586205	186.39822281	307.442624996	293.287595168
5.04898791437	10.6180072812	186.492857379	266.579213681	283.452504779
6.53348044797	6.31675937507	186.531618535	320.634794769	282.365831901
4.765447399	11.5260844731	186.725089689	258.069053223	274.105516784
4.44009370843	12.6314028318	186.763457381	248.698172561	260.774112236
3.94672995617	14.5533746921	186.965263279	235.900838399	237.392586834
5.59481517672	9.05360503544	187.064997457	285.402995177	296.771130443
4.9048515013	11.1127133347	187.173901379	262.752981055	279.962882182
5.11853426002	10.4621292979	187.289857112	269.597677598	287.038353384
4.23578194074	13.4311334479	187.406888353	243.772868262	252.35299936
6.65091893945	6.03928973248	187.710743202	326.678223193	279.754958353
5.86741498013	8.34274032542	188.005927023	296.16015045	300.767533714
4.44220723791	12.726856355	188.119326467	250.113018781	262.994938998
4.2837936358	13.3157306878	188.247389857	245.898404515	255.888461688
5.62382096221	9.05360503544	188.304720996	287.665009783	299.856270295
6.03296961451	7.93186711517	188.877492808	303.221168419	302.319613469
4.83784639968	11.4542835166	188.979298945	262.507514067	280.73767416
4.07435763817	14.1926106038	189.002579473	241.154243258	246.722752148
5.64229043463	9.05360503544	189.096093839	289.110082504	301.829050464
7.19510314855	4.26794386668	189.098867553	351.737577707	231.377628496
5.96747447549	8.13580130606	189.155349831	301.029825495	303.396168408
5.10765156481	10.6340998833	189.298580829	271.256778296	290.517219373
5.79536382379	8.64197171696	189.445581312	294.95987197	303.9505052
4.62212985597	12.2061121521	189.525319537	256.642570156	273.080229463
4.31309483215	13.3157306878	189.656971929	248.099351002	259.400993499
4.75635241007	11.7689918688	189.677088459	260.748987984	278.814869206
5.53576813803	9.40865247948	189.848261529	286.121516643	301.933866813
6.53348044797	6.5567789723	189.988980339	324.092156573	293.094962017
4.6427162898	12.1749744435	190.051562187	257.768009219	274.815337339
4.6427162898	12.1924064272	190.289151489	258.005598521	275.208814674
7.15209630185	4.54401196192	190.39127394	351.091534068	243.407968102
4.22904809668	13.7001701974	190.494487073	246.681393545	256.590060509
4.2837936358	13.4976722642	190.579771456	248.230786113	259.38483385
6.23250393022	7.50310831121	190.983432815	313.015788473	305.207327324
4.93108026913	11.3033776224	191.042814304	267.432375785	287.820019943
4.48474423703	12.8104269564	191.229947763	254.416583631	269.815927804
4.51371000824	12.726856355	191.483864371	255.489347464	271.529529752
5.91310170289	8.44382361902	191.494415295	301.339485355	309.170799002
3.61262425017	16.5059528856	191.766987859	232.768083142	225.587382333
4.13025716046	14.1910419772	191.777528832	245.370033973	253.511163371
4.64960878931	12.2820250654	191.831221766	259.74887947	278.055458102
5.17134345843	10.6180072812	191.874300337	275.889262881	297.357161339
3.36353006464	17.8492332519	191.929580613	227.471469152	211.465152918
5.32145113466	10.1793346881	192.027202346	280.9903273	301.861807934
4.60995026147	12.4543551879	192.331033059	259.0950336	277.1675255
3.83575929973	15.5004825701	192.421050995	238.643458919	238.823209459
6.87568649038	5.67809640694	192.61618368	341.135179684	281.101725857
4.32843695596	13.4976722642	192.75039672	251.609286422	264.819334342
4.43215087728	13.125848413	192.90253835	254.615863168	270.013248877
5.44330025345	9.88664666651	192.99887314	286.082748117	306.762460747
6.53348044797	6.76497065777	193.039560554	327.142736788	302.401350779
3.64621432202	16.4543554543	193.055574548	234.822668374	229.083536038
3.41066961336	17.7077656135	193.224953182	229.770055035	215.710699313
4.44220723791	13.125848413	193.38517003	255.378862344	271.239935959
6.40342125036	7.17867700717	193.517453239	322.334701742	308.245806652
5.44287696269	9.9296420952	193.624741795	286.694140255	308.048605574
3.13683554211	19.4370439739	194.023809678	224.936255836	200.282191771
5.04898791437	11.1575370241	194.256291591	274.342647893	297.855495188
4.80466952771	11.941509122	194.29173261	266.814925488	288.678789768
5.44558716726	9.96719784567	194.307033035	287.469139785	309.521716565
5.17134345843	10.8057839846	194.621559958	278.636522502	302.615845575
6.18036385913	7.90601862963	194.842200306	314.841292666	316.238353246
5.48752246214	9.88664666651	194.935663467	289.538137596	311.767078495
5.99249427486	8.44727999924	194.979795388	307.79434873	317.65870669
4.95311538454	11.5260844731	195.212926981	272.286725431	296.119703869
5.99954619817	8.46457805879	195.552086732	308.632314982	319.05880631
5.5332091849	9.81257489408	195.822665403	292.006934924	314.605116102
6.10728784749	8.18468764805	195.936610733	313.114764699	319.688863128
4.765447399	12.1924064272	195.980870385	267.32483392	289.951533181
4.57045696423	12.8614510469	195.985037935	261.610008345	281.344114793
4.70992855947	12.385711983	196.070926856	265.762218261	287.725421025
3.72224788355	16.3924633509	196.569729903	240.096902347	237.839193019
5.91310170289	8.79680333137	196.901443707	306.746513767	322.095159413
4.43215087728	13.4311334479	196.934624588	258.647949406	276.293300383
5.5332091849	9.88664666651	196.945251656	293.129521177	316.979962543
4.81419726499	12.1014703494	196.976740509	269.787847899	293.707152396
5.14405261965	11.0539189312	197.032704153	280.163258692	306.30613686
5.11966150027	11.1575370241	197.446756192	279.790833505	306.252363777
5.09917117427	11.2231078517	197.475704802	279.161972785	305.591265192
3.6120188905	17.0343971891	197.595442078	238.582797582	232.731631126
3.70705343024	16.5751580506	197.804036582	240.976572941	238.530537864
4.74831889139	12.385711983	197.873365416	268.705385636	292.435000539
3.77876382963	16.2448846066	197.997145811	242.856123492	242.909638668
4.21501883036	14.3662620123	198.255136467	254.069877106	267.283062725
5.59481517672	9.81257489408	198.537031434	296.875029154	321.649655853
5.37359620695	10.4621292979	198.552672026	289.267844405	316.357954239
5.37359620695	10.4645351276	198.588800486	289.303972866	316.430702658
4.0306397034	15.2056088462	199.19267744	250.231168935	258.690445923
5.72635988972	9.4936541419	199.453180057	302.469765497	326.001277683
5.46906130177	10.2404215793	199.466671268	293.433691523	320.753967323
5.17134345843	11.1575370241	199.791565629	283.806528172	312.466685053
4.35559722332	13.9418714465	199.866893281	259.466761193	276.977898889
4.20228815833	14.5778834515	200.29206832	255.770162253	269.584395825
4.073057754	15.1402749844	200.621299592	252.739691723	263.028929537
3.73102761979	16.7096001733	200.682469904	244.415221238	243.585596423
4.73763660283	12.6384715702	200.88957265	271.403249902	297.061701752
5.2469226137	11.0104020457	201.046434692	287.53509907	317.424989063
5.72635988972	9.61621003673	201.344320683	304.360906123	330.20970762
4.83784639968	12.3694440221	201.864972611	275.393187733	303.167713667
4.38653390593	13.9889901569	202.033526397	262.48304601	281.875911619
5.11853426002	11.4810779558	202.136163345	284.443983831	314.994167791
4.6427162898	13.0876039123	202.544658359	270.261105391	295.415345701
4.39953627735	13.9889901569	202.686228934	263.494643299	283.549436673
4.9068873026	12.2061121521	202.797563923	278.43939613	307.7642291
4.44220723791	13.8661145577	203.197805521	265.191497835	286.537213159
3.87679116981	16.2448846066	203.407336407	250.623933901	255.676059268
5.43076404158	10.6180072812	203.47659779	296.132212194	327.939329461
4.04310919067	15.5192135347	203.701712128	255.056485062	265.66189573
5.12414662406	11.5926476808	204.036029779	286.524446773	318.753051987
4.2837936358	14.5533746921	204.166938188	261.817952846	279.672272565
4.80383340027	12.6723700541	204.527604445	277.025557977	306.240298445
4.2732645172	14.6386877329	204.724424583	262.092387146	279.930563277
4.98289572307	12.1014703494	204.870038777	282.873427502	314.651898603
4.98289572307	12.1245566439	205.204262458	283.207651183	315.252168339
4.04310919067	15.6579541488	205.407526113	256.762299047	268.036893308
3.73102761979	17.1299962593	205.494465858	249.227217192	249.713955586
4.64960878931	13.3078462413	205.913343054	273.831000758	301.279248599
3.70705343024	17.309795086	206.161845871	249.33438223	249.102585904
3.94672995617	16.152178336	206.163097922	255.098673042	263.47204544
5.11853426002	11.7689918688	206.373331821	288.681152307	322.893356681
4.63886397641	13.4448023762	207.271639782	274.875757422	302.974667163
4.80383340027	12.8789283209	207.445450417	279.943403949	311.23198232
4.9048515013	12.5745731837	207.980709828	283.559789504	316.791556184
4.80383340027	12.934058445	208.225197019	280.723150552	312.564256046
4.765447399	13.125848413	209.058556347	280.402519882	312.150016848
3.98734537605	16.2214717531	209.24887032	259.196810481	270.076366817
4.75635241007	13.1745820274	209.298009595	280.369909121	312.114190048
4.48240938805	14.1926106038	209.589735487	272.710595988	298.616598026
4.13025716046	15.6579541488	210.120589395	263.713094536	279.716329403
4.9048515013	12.726856355	210.168557613	285.747637289	320.628030162
4.90755758477	12.726856355	210.299517926	285.962016935	320.98191878
4.70992855947	13.4311334479	210.601354635	280.29264604	312.011011674
3.41066961336	19.3695800469	210.736723235	247.281825088	235.954425223
4.74831889139	13.3157306878	210.885876178	281.717896398	314.393368441
4.46398704521	14.3829456411	211.198479026	273.801562388	300.138914988
4.64960878931	13.7004471634	211.335670152	279.253327856	310.167426946
4.61282809945	13.8682255027	211.798912766	278.646296397	309.018196818
4.10924795275	15.9088919013	212.117753786	265.16643204	281.315229283
4.62212985597	13.8682255027	212.268673675	279.385924293	310.265722234
4.44220723791	14.5778834515	212.678984328	274.672676642	301.245607094
3.61262425017	18.3998910237	212.814614568	253.815709851	251.47189502
4.69877778771	13.7004471634	213.804879401	283.166572697	316.762071385
4.57778816325	14.1673097732	214.120308354	279.955977861	310.904774677
4.31354083787	15.2056088462	214.187900149	272.642366591	296.27858401
4.20228815833	15.6763778886	214.264500775	269.742594709	289.89852168
3.77876382963	17.7077656135	214.947923966	259.806901647	264.784087482
4.32843695596	15.2056088462	214.982932984	273.841822685	298.328417974
3.43956225246	19.6508879492	215.569854105	252.736743988	243.454129506
4.44220723791	14.891265796	216.866250744	278.859943058	307.72151664
3.6120188905	18.7835609069	217.051403219	258.038758723	256.629496171
4.01383862086	16.7418619882	217.094838238	267.708724811	282.45690123
4.46398704521	14.8238592012	217.11170801	279.714791372	309.339764441
4.31192789893	15.5004825701	217.947500125	276.358259616	301.798319801
4.28897704198	15.6350800654	218.453222017	276.243836965	301.186963914
4.15417534958	16.2214717531	218.533754655	272.748762055	293.14907038
4.20228815833	16.049510723	219.026279588	274.504373522	296.798754492
4.03424512317	16.8103740443	219.103249774	270.233090285	286.503914608
3.85090058383	17.7423383564	219.64380612	266.231851136	275.526952679
4.34933789743	15.5004825701	219.975943368	279.404635241	307.057800845
4.03424512317	16.8885875572	220.067277301	271.197117813	287.836929422
4.11996812286	16.4969447053	220.082388696	273.408213843	293.237729607
3.97562981303	17.1942918455	220.419236672	270.074095338	284.593377146
4.28897704198	15.9088919013	222.013327383	279.803942331	306.461548706
4.23559371579	16.1796994955	222.550309316	278.91127988	303.967855664
4.11996812286	16.7898850035	223.762893615	277.088718762	298.444823981
3.68570855059	19.404735835	228.704413782	271.381214314	276.044013533
3.77876382963	19.3695800469	234.277660076	279.136637757	289.633186341