4.75635241007	5.10115590184	104.217721077	175.289620602	120.84961324
4.8876869189	4.92546081772	106.549105703	181.600131304	123.22029531
5.14133217053	4.31937395796	108.45936073	191.502010785	119.564086684
5.06229565249	4.61203585594	108.911366214	189.420449926	123.77026027
4.98778512002	4.84812686446	108.993605137	187.150148441	126.304279075
4.41593134516	6.52035158431	109.250159736	170.512629083	133.150946355
4.34301043132	6.75408250035	109.5597766	168.815679182	133.406418223
4.14470408305	7.46936312293	111.228338009	165.196413402	134.36905072
3.31840405395	10.1771206922	111.594847382	146.189454534	117.357830763
4.65236929928	6.08139228359	111.911861613	179.910189771	137.84150272
3.41066961336	10.1771206922	115.007967168	151.553069021	123.974637423
4.31192789893	7.33020975596	115.203235164	173.613994655	142.721039692
3.70705343024	9.18639964852	115.367757176	158.540293535	132.200057611
3.69090177756	9.28412938923	115.847426046	158.644576002	132.444759229
4.60995026147	6.58649852806	116.432788793	183.196789334	146.580330429
4.90755758477	5.76394109324	116.713109081	192.37560809	145.371395751
4.73815845081	6.25108593435	116.758786557	187.287998747	146.961388761
5.3421977746	4.47739853732	116.983925013	206.642079854	133.811763782
3.10349915787	11.6801406311	117.832007188	148.090907212	117.809402544
3.94672995617	8.67962206187	118.222223822	167.157798943	141.580765809
5.48752246214	4.15793071695	118.691950543	213.294424672	131.116844359
5.44330025345	4.40798306112	119.777485918	212.861360895	136.770714719
3.22855685988	11.4095401817	120.268752157	153.015392616	124.541370045
3.88963406621	9.04805200596	120.3473816	167.87733221	143.351154987
3.70705343024	9.72272524132	121.182545115	164.355081474	139.918236329
5.23458329739	5.28096268199	122.279327268	208.361674963	151.532555252
3.11785285041	12.1245566439	122.624103689	153.163545971	123.425732606
4.57045696423	7.26892586205	123.288024308	188.912994718	159.007681535
4.17876600482	8.45081050342	123.764404029	178.623162997	154.533658829
3.32714750121	11.3886321482	124.016165199	158.793314686	132.021387554
5.83067585054	3.46097706978	124.202493764	231.006530804	123.215441052
5.2469226137	5.48902076925	125.167085695	211.655750072	158.246025024
4.21181942067	8.50854684995	125.622041445	181.352081894	158.06055337
3.60644737426	10.5963944414	126.819998044	167.681005597	144.326451099
5.31758501908	5.65979473556	129.735530477	218.569436248	167.59389074
4.92211710891	6.80033619832	129.810411247	205.922520501	172.529310563
4.2837936358	8.66342240417	130.066447828	187.717462486	166.48503067
4.88199517358	6.94329900059	130.179905119	205.056237616	173.296254864
4.03559825571	9.53376985599	131.253920939	182.418066284	162.595728866
3.96223217433	9.78211117433	131.374450342	180.695205005	160.820368439
3.77804778692	10.4244714093	131.604173761	176.446152285	155.817974353
5.40104322387	5.58944145478	131.88432212	223.528563069	170.746706485
3.23974217905	12.5745731837	132.162876509	165.136811163	138.211051486
4.20228815833	9.12096778356	132.57950935	188.057603283	168.671302487
3.44791278404	11.7552485465	132.69630548	170.043881167	146.343344938
3.68570855059	10.8928504451	133.152721441	175.829521972	154.957335221
3.00689057121	13.8517658943	133.897142581	162.301509833	131.150215185
4.12252448691	9.51378061879	134.286375586	187.678396641	169.319991704
5.06276583069	6.88407943905	135.914256499	216.438296024	184.777961615
4.48650276497	8.56510260541	136.282368147	199.518566374	180.541508728
3.78754131672	10.8326527061	136.548418498	181.61603923	162.733961228
4.37692586536	8.92848730503	136.729779872	196.914778398	179.120331765
5.91185599841	4.38822825644	136.741316807	246.540109942	160.607388853
5.35523802757	6.16180403445	137.346314445	227.442712882	185.052117125
5.63288953418	5.37091011432	137.731042047	237.412031804	178.45921203
2.83030422071	15.3027633463	138.374728204	163.540839372	128.370347853
5.04432312448	7.1626529224	138.831669836	218.770109981	190.857100638
3.50781252305	12.1070666947	138.908495226	177.565003337	156.005640626
5.44330025345	6.04829432724	139.148487346	232.232362322	187.666224326
3.67410942618	11.5267181078	139.64312366	182.051734456	162.944033994
3.07500313645	14.1504213652	139.88925819	169.595040824	140.116447084
2.67210287166	16.4724360949	140.088038158	162.519429914	123.166555739
5.86741498013	4.88628955785	140.747223224	248.901446651	176.157617522
5.09917117427	7.17867700717	141.058161789	222.744429772	195.466444591
3.68971594781	11.604637686	141.151814879	183.921469126	165.442113831
2.50852276222	17.7694677365	141.425370556	161.194428075	117.095209917
5.93521074668	4.73026382957	141.515907384	252.183932905	174.496319403
2.67660389313	16.6445388257	141.758707312	164.265731793	124.873014272
6.36510983872	3.18333632461	142.310849739	269.591292532	135.058818985
3.68270364296	11.7671955804	142.652749362	185.25999064	167.122580421
2.58525714399	17.4135471123	142.979917578	163.976923297	121.877449434
3.07862236308	14.5403597944	143.748767373	173.524517565	144.316706977
4.87293569132	8.11798297247	144.946854734	219.545550164	201.863646423
5.2469226137	7.13372657408	145.971693872	232.46035825	205.662161142
2.64697278507	17.3903752199	146.278901729	168.290360465	127.595842184
4.67838187454	8.79680333137	146.438999199	215.199844884	201.625212131
2.6902510378	17.1794112014	146.964268477	169.701390258	130.203454873
6.09007315994	4.69988451558	147.181145173	263.699647121	182.541167695
4.04310919067	10.8786892569	147.413490712	198.768263646	186.224205537
3.43956225246	13.2348537041	147.762588932	184.929478815	163.966116747
3.39239712031	13.4976722642	148.325677499	184.480251144	162.667528637
5.63847789338	6.24512811482	149.042511013	248.921384822	207.918787632
4.0306397034	11.0877512726	149.389114214	200.427605708	188.634033007
4.96574695453	8.19843368987	149.529990877	226.997401997	211.703811063
3.38129506604	13.6930838384	149.825979301	185.744299215	163.944188637
2.68657248592	17.6189374354	150.424713466	173.099697924	133.169710839
3.27288655717	14.2616786874	150.451501845	184.103571357	159.97833418
2.87750836596	16.4249743784	150.742460623	176.755018685	142.41853323
6.29558485294	4.32175239749	151.030503929	275.545608112	179.374483342
5.21326475554	7.6285102999	151.327599066	236.710210763	217.114044254
4.9048515013	8.51541727247	151.424666502	227.003746179	214.529133505
4.57778816325	9.51378061879	151.838181114	217.673850621	208.78203886
5.82024439043	5.96408156956	152.374814927	258.797035017	211.570267144
5.79536382379	6.08139228359	152.946423512	258.46071417	213.891264338
6.48361988668	3.79187175249	152.991426554	285.055583715	166.923449019
4.98289572307	8.46457805879	153.761130558	231.764519283	220.088590904
3.85043208667	12.1680421439	154.384130187	200.960840172	188.915790006
4.44220723791	10.1603465575	154.7536644	216.747356714	209.959132762
2.81739147046	17.2975404082	155.119749775	180.056753124	143.78294103
2.54969218865	19.340167958	156.257010186	176.680284922	131.663187885
3.64782155196	13.1745820274	156.660847156	198.464770479	183.583072295
6.69626873298	3.27418530512	156.806858833	297.675920369	153.743803743
3.13748899993	15.6066290548	156.90781163	187.833138339	160.880034112
2.55044369146	19.4938017426	157.524352859	177.959668586	132.787331112
6.34679149666	4.71689943444	157.67086586	284.219754382	198.972793566
3.39163877228	14.4509594117	158.16109862	194.299509837	174.078237904
6.73789417219	3.25560416247	158.402123782	301.027973139	154.777769614
4.12252448691	11.5172008851	158.430428929	211.822449984	204.975544051
3.11963320389	15.8970699068	158.772696548	189.347025996	162.014084197
4.57712500104	10.0651067635	158.993193194	224.809789488	220.817022835
4.69877778771	9.72356859116	159.416410636	228.778103931	224.814394118
3.31577444138	15.0396121363	160.427130443	194.966931509	173.155070432
2.68657248592	18.8205811283	160.458121379	183.133105837	142.252128193
4.57045696423	10.2222914203	160.77966112	226.40463153	223.612523992
4.51371000824	10.4621292979	161.573673468	225.579156561	223.211213298
4.38653390593	10.8922867248	161.818307395	222.267827008	219.477833334
3.10612107772	16.2919434515	161.843081009	192.153129701	164.603199769
6.87741062458	2.99437639443	162.066871123	310.660361154	148.314946304
3.30497414028	15.2589290753	162.105284598	196.420442694	174.537521198
6.23250393022	5.48902076925	162.612310993	284.644666651	223.279378242
4.92110005343	9.40865247948	164.1538299	240.234488363	238.605491961
6.6477034365	4.21827369566	164.424902706	303.258042667	195.212060795
5.26106642338	8.45443400017	164.582538872	251.538116166	245.053396391
5.46906130177	7.90601862963	165.17171899	259.138739245	247.635004237
5.11651478946	8.92490463747	165.36132155	247.604207263	244.6699707
3.86292608169	13.0742533845	165.446372769	212.325840106	204.304678168
5.45003054452	8.01873106883	166.004320279	259.318522022	249.420496227
6.92330868306	3.25428608956	166.389265337	316.972722532	163.347216689
5.12414662406	8.99406214663	166.635517511	249.123934505	247.301982941
5.6092671657	7.63359980082	166.931649213	265.778337619	251.518686976
5.25725312776	8.64197171696	167.068313761	253.897883464	250.126228521
4.51401791746	10.9009668841	167.318656883	231.332872726	232.605615671
4.13297401934	12.2061121521	167.324288979	220.987322978	218.339003804
4.31309483215	11.5909207387	167.577916789	226.020295862	225.800327873
4.04318785483	12.5756857789	167.78981144	219.146582747	215.282206191
2.75515191851	19.227704154	168.126517927	191.973914517	152.843562153
3.19849713854	16.4644172399	168.533574592	200.673273638	176.387138352
6.91589065684	3.51402608841	168.545277266	318.806219993	176.006957604
6.73407347721	4.31898733802	169.24757356	311.711717983	205.100278628
4.23759443883	11.9962301627	169.374520642	225.788749064	225.586022865
3.14880545863	16.8507049777	169.576962319	200.725777504	174.959831696
4.93108026913	9.82153959098	170.249642204	246.639203685	250.087700807
7.10224253922	2.80304240193	170.36310094	328.830843461	148.063933876
5.44558716726	8.34274032542	170.440340567	263.602447317	259.075754928
6.40342125036	5.58944145478	170.988863421	299.806111924	240.005489625
4.8747427924	10.1128559979	171.926835764	246.580870475	251.655167565
2.75249651296	19.7322079631	172.280864073	196.082314743	156.551724816
3.00689057121	18.0163601032	172.544233153	200.948600405	170.581102974
6.5089473438	5.3791252083	172.667105734	305.765062673	238.650191781
5.80036525885	7.50310831121	172.815925302	278.512413524	264.350733082
3.37088938028	15.9735086635	172.884442724	208.582030852	190.071911076
7.25174651819	2.30318450476	173.341914566	338.55144731	126.836011951
3.13683554211	17.309795086	173.360447098	204.272893256	178.362702867
7.01112358692	3.62040650268	173.80137349	328.229043143	186.363646469
2.75849974377	19.8883236385	174.003788755	197.909175194	158.479354064
3.09857457555	17.6189374354	174.142949695	204.30589724	177.146361891
6.73210929461	4.74389052239	174.180073831	316.561122997	225.146703235
4.18521067322	12.6314028318	174.959543746	229.987644158	231.694034461
2.80262113214	19.6786529942	175.012881821	199.689103174	161.864932404
6.36510983872	6.02224202176	175.220755328	302.501198121	255.504543712
4.28897704198	12.2821531968	175.292600969	233.083215917	236.597728709
6.52145679412	5.54480742921	175.376055575	308.986102148	246.947326285
5.10765156481	9.70846182187	176.027431984	257.985629451	265.229343699
4.14470408305	12.934058445	176.849745398	230.817820791	232.675413768
6.0368687967	7.19283763654	178.093625997	292.585152809	274.50632104
4.89396405169	10.5054536883	178.186016679	253.429938337	263.490511438
5.33356274727	9.21437782665	178.394395046	267.762940648	274.491848332
3.70705343024	14.9501174665	179.382566729	222.555103088	215.144829964
4.43628349548	12.1014703494	179.633869134	241.462332863	249.405106852
6.55929178305	5.76394109324	179.936442912	315.101295035	259.694081837
2.93729223448	19.3110618644	180.247727104	207.352401025	174.473344965
4.23559371579	12.8789283209	180.403620478	236.764591042	241.956299994
4.65236929928	11.4810779558	181.059457068	249.057785226	260.231368817
5.96788646931	7.61861200799	181.444995033	293.334918835	284.148639018
5.62382096221	8.59317221148	181.4453204	280.805609187	284.606690843
5.89201402193	7.83399950146	181.445755955	290.508750042	284.799813768
6.90395213054	4.72459681552	181.448916277	331.191532166	235.824495394
4.15417534958	13.3157306878	182.040496879	236.255504279	240.637479261
3.042373803	18.9323104354	183.274658869	212.353360973	183.509005099
5.11766549438	10.248764367	184.176611811	266.456494558	281.089043471
4.20228815833	13.3230410858	184.431056832	239.909150766	246.378974945
4.2732645172	13.0876039123	184.827739201	242.195701764	250.269723759
7.06653320094	4.40229097586	184.830314517	341.708544341	230.207871821
2.97883298387	19.5486212706	185.05321942	212.929972015	181.650692913
5.77003797319	8.44382361902	185.385913127	289.980019868	294.391396302
6.23250393022	7.13372657408	185.477543245	307.509898903	290.181819484
4.38653390593	12.726856355	185.510244846	245.959764459	256.444117614
6.90248066415	5.10115590184	186.118141293	335.796933523	254.511618122
5.04878266018	10.6048928157	186.296043202	266.375888209	283.079391
6.20722400779	7.26892586205	186.39822281	307.442624996	293.287595168
3.22855685988	18.1562610521	187.044369975	219.791010435	198.185517585
4.23578194074	13.4311334479	187.406888353	243.772868262	252.35299936
4.83784639968	11.4542835166	188.979298945	262.507514067	280.73767416
7.19510314855	4.26794386668	189.098867553	351.737577707	231.377628496
3.17239893748	18.7696201907	189.718396858	221.335746666	197.815215772
6.53348044797	6.5567789723	189.988980339	324.092156573	293.094962017
4.22904809668	13.7001701974	190.494487073	246.681393545	256.590060509
3.61262425017	16.5059528856	191.766987859	232.768083142	225.587382333
3.36353006464	17.8492332519	191.929580613	227.471469152	211.465152918
7.66757416896	2.1696368615	191.951434474	376.650987295	133.576986034
3.64621432202	16.4543554543	193.055574548	234.822668374	229.083536038
6.40342125036	7.17867700717	193.517453239	322.334701742	308.245806652
5.44287696269	9.9296420952	193.624741795	286.694140255	308.048605574
7.15209630185	4.80855223015	193.643779685	354.344039813	257.578531408
3.13683554211	19.4370439739	194.023809678	224.936255836	200.282191771
3.10254150215	19.66912752	194.083785845	224.324014598	198.266305193
7.41865748419	3.7970969378	194.233953547	367.136151237	218.84213513
4.80466952771	11.941509122	194.29173261	266.814925488	288.678789768
5.99249427486	8.44727999924	194.979795388	307.79434873	317.65870669
7.06132431843	5.28216951773	195.624954848	352.271993769	275.812071344
6.35959919373	7.44977952328	195.698676157	322.75882622	315.523368053
6.10728784749	8.18468764805	195.936610733	313.114764699	319.688863128
4.765447399	12.1924064272	195.980870385	267.32483392	289.951533181
4.57045696423	12.8614510469	195.985037935	261.610008345	281.344114793
7.57086810543	3.32838325916	196.703221691	376.773167231	199.780597404
6.40846685339	7.38869488583	196.911945207	325.932277888	317.763957416
4.43215087728	13.4311334479	196.934624588	258.647949406	276.293300383
5.5332091849	9.88664666651	196.945251656	293.129521177	316.979962543
5.11966150027	11.1575370241	197.446756192	279.790833505	306.252363777
5.09917117427	11.2231078517	197.475704802	279.161972785	305.591265192
3.70705343024	16.5751580506	197.804036582	240.976572941	238.530537864
4.74831889139	12.385711983	197.873365416	268.705385636	292.435000539
4.21501883036	14.3662620123	198.255136467	254.069877106	267.283062725
7.84098536141	1.97293249982	199.168857025	392.317276558	127.022931395
4.0306397034	15.2056088462	199.19267744	250.231168935	258.690445923
5.72635988972	9.4936541419	199.453180057	302.469765497	326.001277683
4.20228815833	14.5778834515	200.29206832	255.770162253	269.584395825
4.073057754	15.1402749844	200.621299592	252.739691723	263.028929537
3.73102761979	16.7096001733	200.682469904	244.415221238	243.585596423
6.90395213054	6.25108593435	202.003517162	351.746133052	312.017986654
4.39953627735	13.9889901569	202.686228934	263.494643299	283.549436673
6.87568649038	6.42942426094	203.33567556	351.854671564	318.297212039
7.14870500246	5.59036540128	203.80991855	364.357816778	299.173805168
6.95334661144	6.23862164386	204.067958063	355.960912688	315.867558091
4.80383340027	12.6723700541	204.527604445	277.025557977	306.240298445
4.04310919067	15.6579541488	205.407526113	256.762299047	268.036893308
6.00373741053	9.10195062361	205.657663489	318.895939958	343.563067042
7.08241934287	5.94634956026	205.761770367	363.346143098	312.350588497
4.64960878931	13.3078462413	205.913343054	273.831000758	301.279248599
3.94672995617	16.152178336	206.163097922	255.098673042	263.47204544
7.79576563174	3.18333632461	206.231506985	397.158538859	202.594985304
5.43160335414	10.8057839846	206.372353479	299.056609537	333.842016578
5.11853426002	11.7689918688	206.373331821	288.681152307	322.893356681
6.55377171308	7.65670832603	207.51003328	342.44748113	344.392226816
7.7251243441	3.70918980041	207.97387268	395.456413192	231.802775674
4.9048515013	12.5745731837	207.980709828	283.559789504	316.791556184
7.49931983068	4.66370668479	208.061196467	384.743732461	274.665174733
5.53576813803	10.6317764011	208.461095013	304.734350127	341.185240595
4.48240938805	14.1926106038	209.589735487	272.710595988	298.616598026
5.19705975205	11.7584984525	209.897299385	294.749926459	332.579828047
6.23250393022	8.7232371274	209.916263109	331.948618767	354.839058539
4.13025716046	15.6579541488	210.120589395	263.713094536	279.716329403
5.80189175708	9.99763039406	210.691196817	316.443325237	352.423564441
5.37359620695	11.2931663689	211.129415825	301.844588204	341.487177955
7.90587520129	3.20991370976	211.926190684	408.284724965	210.09798374
4.10924795275	15.9088919013	212.117753786	265.16643204	281.315229283
4.83328586204	13.125848413	212.388339806	285.777993217	321.100488584
8.07515348684	2.2311948809	212.533277345	417.390577311	152.358852999
6.12258639006	9.20337682087	212.617713794	330.383657394	361.281451873
5.91310170289	9.81257489408	212.822328278	322.667398338	359.287658904
8.00492768549	2.78175067286	213.1183905	414.428089103	186.66446318
4.75699451508	13.4976722642	213.877267093	284.96835725	319.854745281
5.58549122214	10.8715209229	214.471029637	312.48153307	355.174412913
5.17134345843	12.208216997	215.398230125	299.413192669	341.890964575
7.27923237126	6.03928973248	216.297000142	382.761273527	335.108659026
6.56553074092	8.21026143069	216.835064585	352.257166696	370.616953944
5.71725311955	10.6340998833	216.85675463	319.545941023	364.002355013
8.08428655289	2.75395627262	216.907388016	422.228340667	188.481641817
3.6120188905	18.7835609069	217.051403219	258.038758723	256.629496171
4.01383862086	16.7418619882	217.094838238	267.708724811	282.45690123
8.07546636	2.8354199337	217.134828788	422.008003521	193.63382784
7.93979306144	3.62991396507	217.762859629	415.809846526	239.631174493
5.96747447549	10.0122766895	218.514646328	330.389121992	373.372734949
6.82797882093	7.56471854056	218.593614342	365.05873152	369.322462488
4.03424512317	16.8103740443	219.103249774	270.233090285	286.503914608
6.91589065684	7.35489312902	219.34927997	369.610222697	368.384391741
4.81419726499	13.7001701974	219.625289394	292.436396784	332.508187835
4.75699451508	13.9418714465	220.149229455	291.240319612	330.380946653
3.97562981303	17.1942918455	220.419236672	270.074095338	284.593377146
7.30737396391	6.23764789022	220.559663591	388.313530393	348.796517776
4.77283436562	13.9241384407	220.707549019	292.272865933	332.161793421
8.27589016327	1.95506381893	221.091312028	436.260117545	140.222915543
6.85869396052	7.63359980082	221.12272614	368.908531375	376.045897803
6.17503199548	9.60815146082	221.56804341	341.360176172	383.660318464
7.76988841955	4.71700280193	221.876148362	411.53776012	298.211451361
6.82797882093	7.79020545436	222.207797129	368.672914308	380.331118239
8.09617787511	3.28837686371	222.263010319	428.188427752	225.720126112
6.72198208828	8.13580130606	222.865902573	364.818902327	384.967133599
5.84226286776	10.6656794952	223.20223663	330.431188345	381.223210532
6.72198208828	8.18468764805	223.662732872	365.615732626	387.28032123
4.9048515013	13.7004471634	224.231961645	299.811041322	345.155729257
7.17973040751	6.94363921273	225.290047977	387.234527121	374.828011891
5.85510720306	10.7874639476	225.772833117	333.473793242	387.273408156
6.56553074092	8.86718498024	227.5747979	362.996900012	400.270943279
3.68570855059	19.404735835	228.704413782	271.381214314	276.044013533
7.95729933677	4.54401196192	229.07041406	427.991702664	301.300238299
6.03296961451	10.6180072812	231.460205451	345.803881062	404.700660064
4.73763660283	14.835295265	231.790383226	302.304060478	348.697074084
5.62293747702	11.8717279899	232.047740173	331.376813013	393.06924475
6.44752766306	9.47499528968	232.140950524	362.738882822	412.471597792
6.6113132828	9.05360503544	232.844457877	370.161786746	414.405620033
7.62268922647	6.03928973248	232.891744826	415.435214461	367.477633967
5.21979698223	13.2348537041	233.301175952	318.897890721	377.619999171
4.07435763817	17.8234174837	234.024168028	286.175831813	309.840292038
4.76468693687	14.891265796	234.035142226	305.356337677	354.020959447
3.77876382963	19.3695800469	234.277660076	279.136637757	289.633186341
4.70992855947	15.1402749844	234.615464894	304.3067563	351.715105299
5.93427590837	11.1127133347	234.86432562	345.497491868	409.811553941
4.32843695596	16.7832414791	235.689379428	294.54826913	329.28098635
4.36087084672	16.7898850035	237.654899139	297.399177803	334.366522796
5.80484178653	11.6755542959	237.784514767	343.644211965	411.990214127
6.59233141532	9.4099366895	237.949784843	374.479736867	428.246068255
5.64229043463	12.2061121521	238.360388736	338.374377401	406.927320807
5.45003054452	12.8104269564	238.36185471	331.676056453	398.464921809
7.5369532162	6.67636185264	238.407933519	416.868189543	397.155081843
5.04878266018	14.1910419772	238.908009854	318.987854861	378.805480674
8.62983654189	1.81181060235	239.068003427	473.035222078	141.301429118
6.46343876443	9.91242574989	240.28546776	371.528770199	433.646496864
7.21036282704	7.78698406545	240.395976749	403.725280532	423.947561992
4.23222842823	17.5839002978	240.471032429	296.742478106	329.823830131
7.35103979583	7.41966205995	241.206755856	410.971467621	419.865597
7.79576563174	6.02224202176	241.260978998	432.188010871	383.269598145
4.36087084672	17.065648696	241.313425187	301.057703851	339.858290425
4.95311538454	14.7053449763	241.456551911	318.530350362	377.798931615
7.19510314855	7.93186711517	242.068545606	404.70725576	430.009545576
5.43432224329	13.1288211761	242.583388166	335.360457072	406.017848969
8.24568251066	4.54401196192	243.887589376	457.488495341	323.535023928
4.44009370843	16.987530746	244.918828498	306.853543677	350.705959453
8.66748995086	2.47065575908	245.414471312	481.427819652	194.3692461
8.59781600935	2.99558833381	245.926189135	478.160383985	231.892681601
5.79536382379	12.2061121521	246.009414438	351.523705096	429.306421805
8.58815370527	3.07571574257	246.124118082	477.836632418	237.560609364
8.78432900123	1.57133943474	246.26715133	488.686376591	126.974296131
4.31354083787	17.7210948606	247.157348741	305.611815183	345.292381613
6.5280520667	10.1603465575	247.675973738	381.556401696	453.423848438
8.1302347398	5.32596808175	248.251694548	455.913221234	368.66622098
4.44220723791	17.2267375315	248.273985971	310.267678285	355.983022033
4.74831889139	15.9735086635	248.58636761	319.41838783	377.14529621
4.29201001501	17.9480677554	248.830666128	306.70304386	346.232452232
4.69610518529	16.2214717531	249.146328882	318.429140597	374.623057733
8.65818810587	3.04196431443	249.619640688	485.126687533	238.801344099
4.63886397641	16.4969447053	249.741090438	317.345208079	371.753796853
6.56553074092	10.1771206922	249.807303847	385.229405959	459.402359193
6.69843238625	9.84353465486	250.556856577	391.516966145	462.515241163
5.28272237409	14.1609280529	250.83770725	338.510622523	413.843281787
6.05613313897	11.7376954908	251.2933972	366.516801149	450.819076326
7.72457195806	6.90263812752	251.394267844	438.849997386	431.313021987
8.49074548971	4.10089221974	251.519225154	478.005307115	309.598337131
7.12825668842	8.67962206187	251.520382891	411.151125201	461.844837568
6.97693074913	9.11692051641	251.631539261	404.556612565	464.735246094
7.38768356265	7.9676829595	252.181330494	423.642760977	455.383439289
8.88980981842	1.6006334506	252.268366438	500.544408239	132.466312496
5.85145525907	12.426882243	252.500157759	360.066809424	445.572704507
7.22033571322	8.48614016012	252.741650348	416.523078681	463.290718819
5.709674063	12.934058445	253.604520691	356.021628424	441.556285729
4.62212985597	16.8447135747	253.640815034	320.758065652	376.856954197
6.21342508412	11.4131644328	253.66076576	374.947137788	461.420435806
7.27923237126	8.37499495986	253.754325109	420.218598494	464.712483532
5.85510720306	12.5310025609	254.420227342	362.121187467	449.867002379
4.11996812286	19.311477225	255.578552454	308.904377601	343.26681928
8.49890298606	4.41139864941	255.668939553	482.59042425	333.680377037
7.99565585237	6.31675937507	255.958463777	456.802092217	422.893624291
4.35559722332	18.1997290432	256.068703064	315.668570976	361.567149005
7.5715424761	7.66094531289	256.210873252	436.312899472	459.91725787
4.90755758477	15.911729576	256.722877502	332.38537651	401.307074424
7.61351856758	7.58068818952	256.980004092	439.08451135	460.159162476
4.67796318917	16.9184396215	257.967182255	326.715721176	387.7060016
8.68219596738	3.772909345	258.208605481	495.02351475	297.827061405
7.95729933677	6.60879387828	258.58113748	457.502426083	438.209931461
4.71171631697	16.8348782122	258.770759211	328.514966398	391.378411333
8.58167077814	4.33326537923	259.185092934	490.547914326	334.185501326
8.27589016327	5.60763216839	259.911411199	475.080216717	402.195838484
4.47761255059	17.9707269082	260.51992037	323.505755946	377.300416737
7.78978906935	7.3098405764	261.424414823	452.058813497	464.50235423
4.46529206562	18.1040690924	261.577078337	324.216770337	378.011103968
8.7538850162	3.73051406058	261.690715275	502.432540154	299.36358756
5.20213803984	15.2056088462	262.64616501	347.664699967	430.919529078
4.15507574294	19.6871281134	262.648326833	316.886838355	355.933508342
4.765447399	16.8885875572	262.713438665	334.057402199	401.632924945
7.21036282704	9.11692051641	263.297561004	426.626864786	496.353426863
6.08539713364	12.3694440221	263.545635651	379.885277872	479.685564004
6.84760202973	10.1603465575	263.57910761	410.887298755	498.900757597
4.19189268918	19.7098124212	265.368320115	320.572274125	362.686526145
9.05682831959	2.3731490515	266.392336182	524.085052528	203.847741792
8.29134180597	5.99120044428	266.455864498	482.4288893	431.312560715
6.52145679412	11.3033776224	267.359974841	400.970021414	503.414936854
8.67644391892	4.58575737876	267.501972973	504.003201322	361.512417663
8.92096964592	3.43797855239	267.943422333	517.962987787	286.52063457
8.15624829296	6.56561545402	268.292399868	477.28492289	457.388179643
5.50100587565	14.5613692303	269.007132356	364.075073873	461.439799463
4.65236929928	17.8299926025	269.32579629	337.324124449	404.136562683
6.56553074092	11.4095401817	271.518042988	406.9401451	515.034638512
9.1856800761	2.19576789168	272.545506878	537.622785728	194.016059238
6.63776582416	11.2780841772	272.893743484	411.312112026	520.364670696
6.34521630888	12.1558183302	273.341075716	399.827156589	512.51394013
7.91155577074	7.67821944676	274.021892719	470.662705431	503.283770732
8.72199142292	4.94520261183	274.732097437	513.722897545	393.952642966
8.20652543949	6.80929416176	274.925672197	486.502700471	480.230074463
8.3064555462	6.48096962202	274.933361323	491.694469714	468.274052906
8.16636672624	6.94363921273	275.008238031	484.519624268	484.923825663
8.1974414262	6.86534794367	275.365982032	486.47486948	483.111988777
6.71412321586	11.238436639	276.135133871	417.756404571	530.533892497
8.63207769051	5.44716277413	276.800232947	510.88898887	425.03985237
5.27424811166	15.8740615639	277.16412641	364.555986828	462.421257491
5.14405261965	16.3940851094	277.672925142	360.803479681	454.283128768
7.54948104152	8.96527919404	277.980502376	457.034520081	535.089753179
8.67644391892	5.41745492509	278.816650334	515.317878683	427.078248104
9.388001505	1.28768833414	279.475390234	556.358314966	118.846304034
8.84212973474	4.80140824094	279.496205153	525.116154892	393.107216939
7.67037792488	8.75127360632	280.418858879	465.253512355	539.179541498
9.3664457646	1.76183632657	280.446360295	556.059245943	161.861598002
6.7243904512	11.4557422099	280.617931661	422.672667951	542.447479543
4.81802274232	17.9091169117	280.715411471	353.642279762	435.351936742
7.5538152864	9.12096778356	281.041879817	460.301550527	545.007227145
8.43795472683	6.42942426094	281.212041225	504.890547808	479.374672291
8.14638827841	7.41966205995	282.001357585	490.488887703	515.635672396
8.37585645187	6.71806872204	282.533569252	502.931911707	493.550403614
5.64229043463	14.9245144403	282.822871832	382.836860497	497.553406022
8.90000030813	4.81597893164	282.942137959	531.78770928	399.478342906
7.71919656439	8.75127360632	282.98534411	470.180270143	546.064671809
8.1302347398	7.53391750508	283.112683588	490.774210275	521.501603678
5.03756732914	17.1814552775	283.36003877	363.084501306	456.594095856
7.66757416896	8.92490463747	283.431074352	468.130627173	549.475298502
7.40549417557	9.686172488	283.665013781	455.954177155	556.274184753
8.60310729062	6.01475587395	283.712041007	516.232167671	466.183932555
7.12053827807	10.5054536883	283.900053336	443.185289422	557.787890314
4.44220723791	19.9399318453	285.095667403	347.089359717	412.049999859
4.64960878931	18.9601577441	285.160542407	353.078200112	429.243167893
5.85830104344	14.37991983	285.773379781	393.591869263	516.807078314
8.55435280528	6.34031825063	286.153275125	516.04544968	485.863183336
9.2314692164	3.51084000594	286.43460084	554.161201842	313.315087151
7.81835424147	8.65967764922	286.563511688	478.598587249	554.320617234
6.81096407902	11.5926476808	287.694862365	433.430931835	563.155635916
9.39611579263	2.59563429402	287.750173254	565.111938693	239.976570074
6.77588575835	11.740963539	288.565767706	432.804541942	564.500729736
5.50100587565	15.7757452483	288.734904232	383.802845749	499.922542216
4.9068873026	18.0869515697	288.896783684	364.538615891	456.043385254
4.6427162898	19.3463442472	290.188087693	357.904534725	436.688565159
4.61282809945	19.5107968894	290.53792061	357.38530424	434.748574868
5.46906130177	16.0073112864	290.640061194	384.607081449	501.386447962
7.28885259353	10.3942820758	290.702712607	457.607274596	578.284365681
8.89651532234	5.49376305449	292.239099267	540.889827114	455.342727373
6.97693074913	11.3886321482	292.742343216	445.66741652	580.535802034
8.4439389447	7.13372657408	293.233155166	517.229040926	532.641800909
6.49826045451	12.8104269564	293.246498925	425.907753782	566.482438432
9.58430520705	1.73795644275	293.289469585	581.872734789	167.181715011
9.42492441247	3.07002480285	293.496837838	572.562000551	285.578990379
9.33200318801	3.74521391641	294.800392611	568.390021086	341.550561317
9.48225212259	2.8354199337	294.828594804	577.298945928	266.974021418
7.78214625911	9.21437782665	294.870172956	485.130680175	584.377399669
7.12825668842	11.0758676152	294.962312767	454.593055077	589.34965638
5.86741498013	14.891265796	295.030013729	403.184237156	536.851095999
6.34561034215	13.3784829049	295.184564461	421.686355207	564.134014979
5.32145113466	16.8541619167	295.475849381	384.438974335	499.799637529
4.71041713595	19.4708609858	296.445696698	366.15144747	452.410327732
4.78093124217	19.1682275567	296.721862048	368.530198937	458.812847323
7.94468799976	8.86718498024	297.153363065	495.44461996	586.095084951
5.10765156481	17.8234174837	297.509109717	379.467307183	486.925056555
4.81419726499	19.0837607622	297.66977524	370.48088263	463.169918087
5.0983626652	17.9322622521	298.603624113	380.263990298	488.11836734
6.46747879519	13.331479455	301.063537784	432.470961121	583.951788155
8.10013627545	8.63931100287	301.365464301	507.492293937	593.597929087
8.82603611277	6.34346994867	301.377859404	546.104513665	517.47205898
9.3398747497	4.27562714753	301.402242105	575.453611938	390.580492225
8.23932756122	8.23371240321	301.509097737	514.780886041	585.33952287
7.2816225734	11.0104020457	301.971288756	468.544900204	611.347477417
9.46076915574	3.772909345	302.727259348	583.919132122	353.637148175
9.08984143245	5.53821384233	303.959304604	563.534080172	479.193538389
7.15219055635	11.5267181078	304.803783562	465.508279322	617.465140423
7.62848018092	10.1793346881	304.855486522	487.676417938	620.331816287
8.01138562523	9.09006908028	304.956417832	506.59105886	610.957605306
5.42948320761	17.0343971891	304.961984236	397.573898541	525.862710904
9.57071441671	3.42593191351	305.646325492	593.411734052	328.621565596
4.86939027201	19.3783199412	305.658286609	380.148469448	481.164865174
5.24393607641	17.8168150959	305.969146248	392.359380316	513.066275491
6.00836927817	15.1832560986	308.221148962	421.634218897	573.993228585
9.12625111599	5.72225703193	308.83922799	570.49764027	499.092229879
5.35251973446	17.6213887137	309.679360023	399.684316675	528.670775772
8.74602097494	7.19680789262	311.208598561	551.518077513	576.487051597
9.06478516248	6.21641888573	313.015878284	571.161583487	534.913945698
9.74628663144	3.18770769201	313.976367524	612.396577594	317.09213303
9.93633547329	1.98385538626	316.293582452	626.465421038	205.112024215
5.65061825125	16.9033401445	316.389387271	416.698827874	565.18819807
6.74740443786	13.347553915	317.03318089	460.061935648	636.361338512
8.75413308328	7.53391750508	317.637961875	558.393431203	604.610614936
6.5510317574	13.9831606271	317.799715234	452.624359235	628.424884514
5.62382096221	17.1368884468	318.657097502	418.017386289	567.575394995
7.5538152864	11.1276669014	319.166738684	498.426409394	664.913968171
8.33362886139	8.96877745584	320.529459698	538.711090284	652.274163228
5.50513879652	17.7077656135	320.712766007	415.923610798	561.990441144
8.1134674829	9.63312219346	321.027868124	527.833743321	664.062088699
9.91443255447	2.88122995891	321.581577665	630.387483933	296.580276209
9.95661683379	2.56995213338	321.646629644	633.085963067	266.794726449
5.35566861525	18.3731437746	321.999876873	412.110764286	551.873430033
9.65814691487	4.41139864941	322.168561042	615.215701196	430.91591943
7.50588196214	11.4557422099	322.950489808	499.942366199	675.857769728
9.7148455259	4.26150494454	323.770010021	620.267943917	421.17580378
6.87354261841	13.3596157717	324.429440817	472.855833392	660.973191728
9.95512768624	2.98945550015	325.081183349	636.427363757	310.25185049
6.72198208828	13.8661145577	325.414671584	467.367671338	656.112185464
7.17973040751	12.5320980477	325.774625701	487.719104845	676.50136364
8.39946362581	9.05360503544	325.884008592	547.526477971	668.887792277
6.1692015576	15.6420209704	325.886382547	445.452407701	623.418090938
9.63714787254	4.80855223015	326.077916936	617.852138059	467.670527228
6.18036385913	15.6295843402	326.331041719	446.330134079	625.17864493
9.69327327315	4.66370668479	327.570833517	622.753455315	458.881722172
9.52151367419	5.42631509967	327.819525745	612.633873595	515.164132114
9.93356679563	3.46405008969	328.307364006	638.306373041	357.950698351
5.15528720112	19.6093146222	328.380712777	411.874777146	545.753792427
5.52429376427	18.1277677781	328.893105578	424.767669701	579.330611416
8.83938467076	7.90601862963	329.3260664	574.793533007	646.890121322
7.57360518331	11.5926476808	329.472415871	509.672585462	696.332359363
9.76554540906	4.54401196192	330.44670876	630.047447775	453.796447295
7.78257450451	11.0550973802	330.553549729	520.834997297	701.193310838
5.58892409577	17.9937354187	330.825316261	428.956332305	588.581179691
5.37359620695	18.8741131215	331.288219315	422.003391694	570.722808443
6.30122720092	15.5192135347	331.574614144	456.3130089	645.280594731
8.24568251066	9.80496833557	331.87055785	545.471463816	698.116706481
9.59271606505	5.44716277413	332.446749695	621.536738724	524.906742204
8.77434169351	8.28282650015	332.610980496	574.479283983	667.784397889
8.87301516201	8.04695041294	333.904709814	581.24354999	663.441127363
6.24085465271	15.9009251538	334.909465347	457.269054184	648.543554651
9.94879405943	4.03799089791	335.586587	646.536725633	418.537943168
8.68535865037	8.79680333137	337.307964378	574.295435267	694.910724469
8.20070025427	10.2404215793	337.997588369	549.274358522	721.187732093
6.55929178305	15.0396121363	338.108305132	473.273157254	677.608983463
9.93735847526	4.41062600557	339.420625796	649.656335562	456.111229784
5.30436177985	19.6694062649	339.483337339	427.875985865	579.543638223
5.31758501908	19.7098124212	341.038884534	429.872790304	583.633206461
5.46906130177	19.0896544415	341.185146908	435.152167164	597.932648525
6.90764656612	14.1360131065	341.432471389	491.335390379	706.343209184
8.37585645187	9.96719784567	342.581538175	562.979880631	732.251294706
6.03296961451	17.0525313155	342.829405776	457.173081387	649.949703028
8.00492768549	11.0758676152	343.670223646	544.979922249	743.226523793
6.46168458576	15.710166402	344.838479245	476.010552429	686.91169901
5.99954619817	17.3256233508	345.580239136	458.660467386	653.061814364
6.7243904512	14.9385498347	346.079605683	488.134341972	707.363919108
5.82024439043	18.0163601032	346.189710352	452.611930443	639.113680042
6.07925433949	17.1299962593	347.149329851	463.254216719	662.958759242
9.93735847526	4.9921337259	347.182148432	657.417858199	516.246049901
7.09704773831	13.8661145577	347.301220483	505.53723132	731.372884473
7.26787063632	13.3821629981	347.705368772	513.650398691	740.234479702
9.65547676648	6.23298995487	348.609716657	641.494844121	608.516685805
7.50095853931	12.7530867386	348.65433862	525.414098372	751.410849339
6.34679149666	16.2946114672	348.674424631	475.223313153	687.354990023
8.2577804887	10.7010282067	350.659798316	564.887950062	764.153831501
7.13308292308	13.9832001431	351.768525237	511.615498881	745.057408244
5.65439198429	19.0266938596	352.595574055	453.039041569	637.035702191
7.19510314855	13.8682255027	353.157379121	515.796089275	751.836769298
8.88670955733	9.06605351207	354.428657623	602.531560436	749.771397801
8.30438185404	10.7604136182	354.608005894	571.260899728	777.091583077
9.95661683379	5.48902076925	355.631102597	667.07043602	569.832323172
6.39097524173	16.5751580506	356.674481749	484.991465648	708.958096233
7.80384766767	12.2820250654	356.753709182	548.076822486	783.278424398
9.7907411958	6.22590136073	356.8789891	658.027703997	624.974064619
7.05846090664	14.4692909226	356.995313103	513.515335047	754.911244242
6.73210929461	15.4919840002	357.247598434	499.6286476	735.254978535
8.90000030813	9.18639964852	357.627963555	606.473534877	761.998289641
5.96741750183	18.1443763236	358.080485473	469.952824934	676.617942465
8.1343368665	11.4131644328	358.157011072	566.028142726	790.822468801
9.67067300792	6.76497065777	358.55969137	652.367456964	662.533637757
9.78926022062	6.34031825063	358.687217103	659.744833679	636.267033622
8.95986861967	9.12096778356	359.892064815	612.096753284	766.783612797
9.83208153389	6.29677449646	360.639965306	664.337184541	637.437634909
9.76554540906	6.60879387828	361.759072985	661.359812	659.99984331
7.80384766767	12.5320980477	361.943348214	553.266461518	799.226671572
9.89775320045	6.21998862653	363.494055563	671.261808527	638.103974349
6.60219053114	16.2919434515	364.61006168	501.548691932	743.665473461
6.84760202973	15.5589663589	365.692102182	513.000293328	763.987730143
8.06166248306	12.0665642023	367.532546913	571.705916361	821.223690284
6.49800373544	16.8103740443	367.914029503	500.564802785	743.303038714
9.31356576239	8.46705680176	368.289592225	640.799215631	769.118153469
7.35933543991	14.1617289717	368.990519564	539.138606281	803.197029712
9.56986474319	7.71224311912	369.514816792	657.229132865	739.640918138
8.41214692612	11.2135345727	370.464304556	592.776645386	830.969039944
6.30457935683	17.6209866058	370.67485988	495.546007751	733.450941364
9.72381397138	7.30609488082	371.549741146	668.595363208	723.414499573
9.77771166702	7.17551230787	372.546997821	672.894708002	718.382897015
9.68681126353	7.49911638326	372.802816163	667.592002827	736.886139773
9.46956738339	8.21285340386	372.907239934	654.622355678	771.228315751
8.91831032416	9.88581049716	373.030697991	622.901225078	823.390893205
7.05876557019	15.2815109656	373.285236393	529.818770341	797.356305169
7.72977580676	13.331479455	374.221089978	561.929472961	834.143483755
9.22296933794	9.05316444535	374.462827601	641.696636856	806.437206849
8.1343368665	12.2061121521	374.842972461	582.714104115	845.766115382
8.15969279416	12.1843168196	375.90789879	585.076980194	849.527452234
9.64986915218	7.79020545436	375.975665833	668.520694109	759.661958307
8.624184429	10.8725279993	375.99580162	609.656646896	846.828027534
8.37083130068	11.6407366896	377.056405957	597.190368821	854.173832714
6.46747879519	17.4267164513	377.677125858	509.084549195	763.333302032
6.81107269452	16.2859117222	377.728006813	523.468724471	791.17348737
8.93339792217	10.0774924783	377.954086491	628.670768252	842.198491548
8.77486973944	10.6048928157	379.447515418	621.344931383	855.098722906
8.93320925484	10.1780564106	380.059153159	630.765245098	850.566915413
7.53134498723	14.2565981644	381.492049994	559.686821123	846.817082332
7.38768356265	14.689339816	381.614631277	553.07606176	839.55173923
5.85145525907	19.9199284892	381.6577625	489.224414166	714.240003002
5.91633120362	19.7154199889	382.588553729	492.553642563	722.669303493
6.90248066415	16.2763018051	383.374591803	533.053384033	812.07239872
8.44100065457	11.74384615	383.523392947	607.363415337	876.247595054
8.16636672624	12.5320980477	383.754522111	593.265908348	875.205744811
6.83834640162	16.5148740711	384.007008781	530.917247949	808.734699868
8.7538850162	10.8805796927	384.049781311	624.79160619	873.136870321
9.46076915574	8.8080005575	384.19143978	665.383312553	825.579390717
7.67956349891	13.9895646991	385.02321145	570.300823279	863.984379327
6.6477034365	17.2106913744	385.315247371	524.148387333	796.471441471
6.91453717505	16.3924633509	386.470270474	536.672404999	820.727661806
7.53876690173	14.4848044563	386.736291453	565.282446836	862.068715719
7.06653320094	15.9513097051	387.31512426	544.193354084	834.137743305
6.12092722492	19.2063658681	387.629971194	505.332096447	753.543360352
9.93814721701	7.52349164687	389.16919625	699.454155637	778.142100032
9.94879405943	7.49911638326	389.392433075	700.342571707	777.283759666
9.04882434711	10.4202578545	392.326222022	649.563667728	893.493504694
7.21831504126	15.7232913728	392.33576526	556.025535187	857.913982433
8.02927333304	13.332542597	392.587460915	595.123521072	900.106883158
8.85043628926	11.0047459095	392.65837593	638.740027522	902.688682919
7.571700773	14.6751758059	392.806862126	572.916419147	881.0464712
6.19298973409	19.2497580216	393.425165981	513.915051816	773.133715459
8.63207769051	11.6613794079	393.452052359	627.540808283	909.932599319
7.57360518331	14.7297492599	394.080762567	574.280932158	884.767771553
8.65419013829	11.6912802736	395.471035073	630.760638697	916.94556714
8.12889004039	13.2934429186	397.924357818	605.517197868	919.874523169
8.75413308328	11.5221983621	397.967040494	638.722509821	924.67742478
7.76988841955	14.3829456411	399.039256943	588.700868702	909.29755071
6.45094062502	18.6457214684	399.85506744	530.591298873	812.557119045
7.46242454623	15.3775834736	400.717775916	575.666096798	896.760802648
7.21331193448	16.1796994955	401.440440339	564.903377943	881.593736364
6.21342508412	19.7083621657	403.374272496	524.660644525	796.785248565
9.63714787254	9.20494825077	403.484480597	695.258701721	895.25553545
8.4439389447	12.6779090579	404.079244267	628.075130026	946.599823001
9.41960194121	9.89178527607	404.213375947	682.963438645	919.111921964
8.86169924348	11.5271581018	404.785173049	651.493544012	947.948799043
7.27607476398	16.1796994955	405.519661029	571.839546992	897.001925005
7.49632832012	15.6558093129	408.787432698	585.329037977	921.300569346
8.60310729062	12.495536363	410.027022034	642.547148698	968.487899287
7.52398274724	15.6319314314	410.069561532	587.916115591	926.695046122
6.81107269452	17.9707269082	411.222841869	556.963559527	873.022212143
6.66043919356	18.49642164	411.354001815	550.719608026	859.255004868
9.4208898998	10.2222914203	411.433607671	690.259903543	950.081217351
6.55249275107	18.93166081	412.395803179	547.280590351	851.197679725
9.95661683379	8.7232371274	414.061416237	725.50074966	905.586385414
9.33016903202	10.6180072812	414.315088536	687.797182384	967.94495458
9.05057930343	11.4810779558	415.678058221	673.015292417	984.836282244
9.42551996998	10.4244714093	416.149875498	695.250307374	969.824824136
7.07154370242	17.3903752199	417.063031874	574.163808526	910.680484437
7.67037792488	15.5158856118	417.081725485	601.916378961	955.957780138
7.94468799976	14.7297492599	417.705837008	615.997093903	973.593498164
9.13994516206	11.3273210038	417.930835864	680.375080267	990.930067318
7.58408548198	15.8720124214	419.122241804	599.821475773	956.020162029
7.58716296758	15.8704728148	419.290836006	600.136748732	956.70338053
9.02141157026	11.7376954908	419.569956736	675.25119773	1000.3695165
7.74876129709	15.4163606071	420.026823173	608.6584185	969.337565152
8.7538850162	12.5607968367	421.049669614	661.791494492	1007.96971746
8.23619448963	14.058152779	421.581336809	634.690959273	998.642543759
6.60219053114	19.227704154	421.664682988	558.603313239	877.671823241
8.8136543654	12.4239817878	421.777502568	665.818000977	1010.65156924
8.93339792217	12.1245566439	422.666768443	673.383450205	1013.2762032
7.72457195806	15.6319314314	423.135893948	610.59162349	976.765036879
9.76554540906	9.80496833557	424.555514503	724.156253518	979.191919786
9.34461694646	11.0539189312	424.92744338	699.257175714	1010.80620721
8.29134180597	14.058152779	425.13207807	641.105102871	1012.06059294
7.77338972677	15.6420209704	426.560154867	616.392737727	989.78841399
7.70694645015	15.9323121588	428.516715604	615.117968546	990.996470363
7.21014743541	17.512077837	428.977923822	592.297469638	953.354866213
7.15468326917	17.7423383564	430.000538273	590.817072424	951.087120739
6.6113132828	19.6285137067	430.18987903	567.507207899	898.445023955
6.6113132828	19.6558497845	430.727986996	568.045315865	899.696263016
9.11788670305	12.0109176785	431.953886411	693.132886932	1045.66649154
8.22576420765	14.5533746921	432.005221283	644.575423268	1031.20459929
9.53486446735	10.8805796927	433.360866008	718.974490833	1035.88060208
9.31120747668	11.5260844731	433.43284043	705.804477118	1046.45949752
9.27216791048	11.6664152833	434.094481567	704.186933897	1050.33690459
8.89651532234	12.8104269564	435.913895171	684.564623019	1061.77399558
8.07546636	15.168766135	435.965986974	640.839161707	1035.89109162
8.45149877409	14.1145013338	436.802582873	661.199733665	1055.75129472
7.49931983068	17.065648696	439.171609628	615.854145622	1005.06736333
9.12278143648	12.3565969674	440.200871299	701.660363291	1076.91652195
9.3664457646	11.740963539	441.952406267	717.565291915	1078.65361375
7.13308292308	18.4129045803	442.499346003	602.346319647	981.08235772
8.52490612237	14.1673097732	442.820952517	671.133133664	1078.18979844
7.47268358593	17.3376554425	443.217416571	618.647091863	1013.84642153
8.62774583447	13.9044697647	443.537170602	677.391038845	1083.87134679
7.82639152735	16.254136663	443.560797839	635.990901326	1042.59506672
8.83314840441	13.3546144112	444.323416678	689.444646401	1091.16650232
7.07154370242	18.780744457	445.828029163	602.928805814	983.489846764
7.36497921281	17.8598896125	446.995368989	617.404524216	1014.49623377
7.17036695553	18.5688222845	448.391001533	609.913356033	999.759965228
9.69327327315	11.0930590849	448.606655801	743.7892776	1091.49275481
6.93549665014	19.4639976693	450.20995413	601.324059823	980.428200338
7.78978906935	16.7096001733	451.175757062	641.810155736	1061.80819371
9.12365804851	12.8461604905	451.623570434	713.133312353	1119.79870484
8.95986861967	13.3230410858	451.937493469	704.142181938	1120.0444755
8.77486973944	13.8629285311	452.284016813	694.181432778	1117.80219646
9.26691289491	12.5153345859	453.36619038	723.152578831	1125.48897273
7.40870541307	18.0657646796	454.467947834	626.906562781	1038.41181311
7.84977736317	16.8563475259	458.555316908	652.137129242	1087.69410113
9.85739954275	11.0758676152	459.164940956	764.42823928	1127.01862667
9.27991705447	12.726856355	459.196282154	729.74037857	1147.72528426
7.12607157283	19.4370439739	463.463767152	622.99665716	1033.61593279
9.89775320045	11.1909611203	464.554458672	772.322211636	1148.07231916
7.84098536141	17.1695527235	464.957161754	658.105581287	1105.42399087
8.55435280528	15.0624773442	465.519193368	695.411367923	1154.24855695
8.07008782312	16.56001916	467.04509189	671.645452418	1129.39529683
8.89497548756	14.217758027	468.654351706	717.219012618	1178.01073431
8.2394300719	16.1393309925	469.057707853	682.334803088	1147.38321104
8.20070025427	16.2919434515	469.908654056	681.185424209	1147.36973065
8.30438185404	16.0393196326	471.2096336	687.862527434	1158.32167118
9.90762671917	11.5145347042	472.809507102	781.191594706	1183.62541662
8.27436301311	16.254136663	474.117589316	689.206991953	1165.36418175
7.26544093213	19.5107968894	475.209674773	641.043769878	1078.51844898
7.26787063632	19.5107968894	475.387956654	641.332986573	1079.23992452
9.49622510909	12.8911717855	477.668403237	760.971860769	1217.37117949
9.42551996998	13.1288211761	478.571767194	757.67219907	1221.41988676
8.43684191743	16.0073112864	479.599384328	703.218896726	1193.18238155
7.7251243441	18.2136391561	480.14635742	667.628897932	1138.24644698
8.66239521125	15.3878976197	480.554858978	716.290832169	1209.16034025
8.88409413811	14.8642070661	483.315611608	731.272499158	1228.56084
9.31356576239	13.6546925612	483.616099453	756.12572286	1240.34504253
9.22839984727	13.9832001431	485.72701716	753.275615044	1247.06186407
7.78214625911	18.2874466378	485.896408381	676.156915601	1159.79295768
8.14638827841	17.2810091438	488.944514177	697.432044296	1200.95830478
8.43379090002	16.4249743784	489.205902545	712.663709017	1223.42958199
9.84049256418	12.414178258	489.731246598	793.94829454	1258.86822076
7.52868437093	19.5527841707	495.56142393	673.63031471	1160.58086298
7.92613125775	18.2939218815	496.449246777	693.815271026	1203.53287656
9.59271606505	13.4842247113	498.704730768	787.794719797	1299.38479128
7.55762888005	19.659221405	500.072007646	679.512724908	1175.88826325
8.48898837738	16.7832414791	501.588961032	727.981312634	1266.53250199
8.47142021101	16.8563475259	502.077723947	727.533996298	1266.78975955
8.45423746782	16.922602829	502.428176639	726.97078202	1266.61510969
9.53473962822	13.8028056518	502.507913872	788.114059719	1314.0553747
9.05057930343	15.1832560986	502.588468899	759.925703095	1302.40571017
7.84977736317	18.8146965573	502.748927348	696.330739683	1214.06101936
7.83872334186	18.8734830259	503.272851594	696.309845723	1214.42681068
8.68535865037	16.3036412542	504.046091644	741.033562532	1287.91956904
7.56608010156	19.8636338394	505.240894181	685.083150385	1190.77357536
7.57086810543	19.8636338394	505.601170622	685.671116162	1192.28115456
8.0512236329	18.2976980965	505.637987737	709.282941289	1242.07795966
9.13450919051	15.1669082675	508.084685919	770.216846349	1325.2448104
9.56270449309	13.9988101991	509.311004219	796.594941009	1340.54443479
7.74876129709	19.7274077962	515.951355735	704.582951062	1240.40413475
8.8610983914	16.3328569086	517.277928102	763.952844937	1342.96870654
9.93212658443	13.3032145506	518.023635302	827.932760877	1374.26252957
8.73766380769	16.7898850035	519.560934059	759.411382097	1342.35381353
7.86347329983	19.7274077962	524.63213177	718.890038989	1277.40165111
9.42551996998	15.1671185788	528.774050118	807.874481995	1411.04978188
8.92074088981	16.6277923606	528.827803204	778.834546561	1385.68673909
9.85739954275	13.9832001431	529.812581458	835.075879781	1422.85259893
8.49890298606	18.0059359306	531.623611195	758.545095891	1361.97790491
7.94468799976	19.8115097824	532.752189613	731.043446508	1309.48305858
9.31356576239	15.6558093129	533.009221303	805.51884471	1422.11956666
9.18451184835	16.0557278972	533.714409301	798.724267788	1418.30872598
8.20881143595	19.0826617736	535.718864894	747.413782695	1346.56750519
9.53473962822	15.1912680153	537.247882443	822.85402829	1446.23983612
8.20070025427	19.227704154	538.54216266	749.818932813	1354.12241036
8.31128622327	18.933665724	539.904867838	756.918167403	1369.61909054
8.33876801112	18.8513207151	540.006370709	758.457179061	1372.69541624
8.65371288203	17.8932453123	540.357423049	775.621076159	1403.21008606
8.58993018912	18.1700186516	542.3704808	774.178865826	1403.98755984
8.13739384438	19.6248792296	543.117011478	751.144413242	1360.83754536
8.9325875458	17.1891349075	543.61550149	794.286698731	1436.2736756
8.1343368665	19.7083621657	544.854473214	752.725604868	1365.59984881
8.43684191743	18.7800118042	545.68961182	769.309124218	1399.85902749
9.7148455259	15.0283265277	546.155084079	842.653017975	1485.28925512
9.18174316137	16.5920302629	546.996792071	811.84689928	1464.80033131
9.57796637881	15.5004825701	548.269128177	836.470795594	1489.0883075
9.41960194121	15.9904252253	549.197110233	827.94717293	1485.77734471
8.64001647972	18.3197638478	549.788882897	784.308412481	1432.11413322
8.88409413811	17.5925028779	550.067078961	798.023966512	1454.06075261
8.6445750057	18.3569919497	551.046290427	785.813353194	1436.53902709
9.27115141846	16.5148740711	551.628122114	821.661358136	1486.52162931
9.78926022062	15.0624773442	552.46466175	853.522278326	1511.55784299
9.80740031684	15.1192844357	555.260762497	857.435169104	1522.88693423
8.53572168319	19.0772075109	560.441947664	789.333816297	1455.53922515
9.33016903202	16.922602829	566.424428622	839.90652247	1542.67628501
9.65442100524	16.0073112864	566.974556531	859.795637471	1562.42606461
9.41807841389	16.7096001733	567.52307606	846.182975925	1552.09850369
9.05057930343	17.8299926025	568.537858238	825.875092434	1529.44032735
8.46756133645	19.66912752	569.656450389	794.907371265	1476.82969557
8.53572168319	19.6453144865	574.381400664	803.273269297	1498.88424757
9.21241264288	17.6748394676	576.853217015	843.475619857	1570.83605623
9.46956738339	17.1753930287	583.475173587	865.190289331	1612.85594501
9.66115333124	16.7200636476	586.103229629	879.33283933	1634.27257919
8.90589365219	18.9790996439	586.566524582	835.741762885	1576.37389218
9.49622510909	17.3005145031	588.771597917	872.075055449	1633.76519193
9.64113464097	16.8885875572	589.013062426	881.028740229	1643.91078088
9.02141157026	18.8205811283	591.518558426	847.19979942	1604.0231797
9.09913416444	18.5954864317	591.792031453	851.897815584	1612.26452654
9.36833666608	17.8792534572	594.074204836	869.798383375	1643.2474908
9.60882069525	17.1753930287	594.096398962	884.15787415	1660.63994628
8.96864271209	19.0837607622	594.120114759	846.818995908	1607.48166423
9.85739954275	16.4724360949	594.479061809	899.742360132	1676.14339125
9.07628067726	18.780744457	594.771230243	853.572085975	1620.15757892
8.8773671253	19.488839274	597.25766707	844.839192175	1608.35885
9.80990779112	16.8348782122	600.488952183	902.817893404	1696.5569685
9.73593073419	17.0695109559	601.047855421	898.834230822	1694.35593247
9.41807841389	18.2276910442	607.053371467	885.713271332	1693.10885372
9.05168527227	19.7776128164	618.514397517	875.914528096	1696.9200405
9.97565169818	17.065648696	619.499041798	932.130320695	1778.41852568
9.65814691487	18.0059359306	619.966974184	913.014114339	1758.86267676
9.69787136638	17.9934686879	622.755527346	918.218260742	1772.13314726
9.93212658443	17.3156739945	622.866856188	932.775981763	1788.76179546
9.48083320143	18.7621107878	626.123282442	908.509102345	1766.05134598
9.45062383052	18.8876269659	627.054666602	907.643786396	1766.55420846
9.58019464723	18.5997771931	629.692144039	918.027924555	1787.6604248
9.78483625678	18.0382974157	630.8237212	931.609291261	1808.55319037
9.36833666608	19.8883236385	647.032013354	922.756191894	1827.89723259
9.64488083946	19.5405183544	660.279043937	952.521699428	1903.52432452
9.8398800147	19.6508879492	679.36713703	983.546312438	1992.46363081
9.77070521087	19.9199284892	681.047761975	980.965183523	1991.44452997